0.48460704
-0.19456139
-0.5683273
-0.7031263
0.6492096
0.7540064
0.45018208
-0.0165838
-0.33797976
-0.41018173
-0.0001899302
-0.5520036
0.7918309
0.9939623
-0.58926594
0.16624501
0.30035156
0.34614712
-1.0311648
-0.36705232
-0.18420494
-0.57695305
0.18743584
-0.30977046
-0.43505642
-0.14113012
0.06027612
0.41453898
-0.13643911
0.0049585104
0.027769536
0.3558498
-0.27725267
-0.09331277
0.03197077
0.031127721
0.24108231
-0.0156211555
-0.6057234
-0.19487575
-0.2570383
-0.653998
-0.23086137
0.42299104
-0.18195587
0.31663376
-0.065613315
-0.4117421
0.3659374
0.19059399
-0.0208475
0.30494422
-0.6764561
0.8024762
0.33948156
-0.26228344
-0.08221874
-0.2905953
0.85686076
-0.3720493
0.43023387
0.28209892
0.38393995
-0.18530917
-0.11863294
-0.049364164
0.62265134
-0.53611684
-0.829955
0.41346398
-0.7664428
0.71032846
-0.1009292
0.16937009
0.030994415
0.21704268
0.5807531
-0.4222097
0.22232023
0.11463761
-0.1100854
0.3076669
-0.08548096
-0.64171815
0.60213256
0.24055451
-0.09947613
-0.9401877
0.75801057
-0.25708833
0.13238311
0.042822927
-0.046602726
-0.6985556
0.008303344
0.07129413
0.058769673
0.48513606
0.26610523
-0.4543358
0.1076712
0.5703515
0.4043484
-0.28387773
-0.2368508
0.28302768
0.6142535
-0.33945403
0.23338565
-0.29060158
0.66640705
0.5898807
-0.8754966
-0.38736564
0.036049932
-0.71021235
-0.8821713
-0.54746264
0.15269595
0.60218495
0.38180643
-0.68849134
-0.2694848
-0.024386406
0.112193406
0.3964872
0.6192941
0.6518635
-0.9437827
0.73417604
-0.52269244
0.48750833
0.21342254
0.81848884
0.5923412
0.2395404
0.19655147
0.61005104
-0.07290074
-0.18589291
0.41089317
0.1633833
0.29449537
0.3509717
0.53704095
0.42574018
-0.069985
0.026407063
0.7626971
0.039563805
0.41940615
0.39119485
-0.01744333
-0.33738157
0.043723494
-0.320683
0.5425358
-0.6997239
-0.112243176
-0.44294074
0.16820869
-0.21604091
0.59957665
-0.087438375
0.13077027
-0.40750682
-0.5970276
0.4944787
0.66420364
-0.20770842
0.29849413
0.7265574
0.5814326
0.018416703
-0.1909258
-0.3785627
-0.0145222545
-0.99818337
0.32418913
-0.75294465
-0.04761076
-0.44366214
0.48309332
-0.08633679
-0.11820245
-0.10882372
-0.14237723
0.25987288
-0.24150538
0.6488963
-0.12338556
-0.7911626
0.108027816
-0.22314341
0.74087965
-0.16156828
-0.23085862
-0.41068515
-0.63622016
0.24782604
0.29945615
-0.7224098
-0.29510432
-0.586537
-0.60226285
-0.30381405
-0.25605834
-0.87180287
-0.3988705
-0.26842695
0.3931029
0.56307524
0.19709226
0.029556572
0.55386287
-0.3454167
0.4346988
0.12551144
-0.22061653
0.60810816
-0.16192788
-0.041829407
-0.5356439
-0.24889088
-0.4684519
0.5631703
0.04402715
-0.07107535
-0.013087362
0.7712071
0.18777156
0.3272636
0.06530366
0.91203356
-0.015465736
0.14439029
0.23584536
-0.22100884
0.35182342
-0.2926029
0.2558834
0.6633053
0.18626949
-0.14257994
0.65716267
0.7368808
0.33721203
0.15421033
-0.09751132
0.2850345
0.42357746
-0.19592497
-0.7488247
-0.22280443
-0.5741929
0.110111415
0.5862129
0.2715314
0.53020126
-0.04826817
0.03764367
-0.4377278
-0.39012337
-0.6177108
-0.09316492
-0.011936873
-0.36299413
0.5721402
-0.5362507
-0.26453552
-0.3930788
-0.19209778
0.11127332
0.523313
-0.21361741
-0.07603118
-0.4658114
0.55927795
0.5917796
0.026998386
0.17743519
-0.72146857
0.53166234
0.21978901
-0.7523346
-0.3739775
0.11223146
0.48578006
-0.31681466
0.7103801
-0.09312171
-0.47464806
-0.49308378
0.13641992
0.23952663
0.27040586
-0.03741905
0.16604587
0.50314295
-0.33099437
-0.46254736
0.037578672
-0.81955874
0.41279846
-0.39247015
0.08139734
-0.81359076
-0.101958394
0.6169932
-0.32154265
0.3744502
-0.6784314
0.31828207
0.0771572
0.57008934
-0.2604315
-0.15619338
0.2719909
0.34038216
0.10482675
0.19111735
0.15656498
-0.043950588
-0.5095092
0.050164655
0.66435707
-0.15861097
0.39063707
0.37236568
0.01375559
0.8818682
-0.4221804
-0.5068735
0.00089371204
-0.16949809
-0.123809844
-0.7592217
0.9330282
-0.031059086
0.15732422
-0.032424808
-0.5187466
-0.7206036
0.48654142
0.4787539
0.71865314
0.025021344
-0.35583067
-0.12030128
-0.59458315
-0.12088117
-0.2824304
-0.2208597
0.35763326
0.65305907
0.4756721
-0.74314857
0.4916106
-0.27713165
-0.6610988
1.0511866
-0.42086917
-0.16996452
-0.7294034
-0.39139235
-0.16309825
-0.11266345
-0.03779283
-0.5689795
-0.4453858
-0.37527105
0.24072033
0.026767135
-0.5941415
-0.5545856
0.35882527
-0.57295054
-0.58145326
0.15213594
-0.28610554
0.17314805
-0.0008700043
-0.36935958
0.53722847
0.7960502
-0.24066022
0.04428813
0.2631198
0.9515537
0.02412197
-0.45475504
-0.24732551
0.09801686
-0.038780496
-0.4004111
-0.4756968
-0.119147375
-0.5690024
-0.21638203
-0.2790432
0.19525146
0.25684497
-0.18547314
0.54891497
-0.52017385
0.75594866
0.79731345
0.46465757
-0.41029745
0.1948002
-0.7529894
-0.05338797
0.08661997
0.51566935
-0.06379938
0.30203676
0.67945325
-0.14124379
0.28373334
-0.20734137
-0.32717946
-0.092092216
0.87677217
-0.51364905
0.53600985
0.2233038
-0.2449551
-0.51258683
0.50939906
-0.08355376
-0.15953314
-0.037900776
-0.5326239
0.42833507
-0.5884766
-0.21787235
-0.844192
-0.7712587
0.11349028
0.377002
0.5576936
0.39705443
-0.5682123
-0.20052913
0.19175693
0.24556147
-0.07751644
-0.60329026
-0.5430978
0.31457052
-0.2597193
-0.5527878
0.13730365
-0.010568112
-0.4176916
-0.46661735
0.08939895
-0.20477802
0.17248294
0.22532299
0.34398
0.7476419
0.100424185
0.14802918
0.75012606
0.22755268
-0.24238044
-0.3080696
-0.33901584
-0.114082724
0.48469853
-0.3245219
0.47663978
-0.6337401
-0.3505686
-0.5219424
0.22522295
-0.6793293
-0.033870354
0.7941008
-0.9868876
-0.66616315
-0.3009691
-0.6075465
0.372637
-0.21301797
-0.14276138
0.17105815
0.13896792
0.15591568
-0.4884066
0.6492604
0.3584632
-0.31395355
-0.5171685
0.39201695
-0.38722485
0.76160634
0.8169478
0.9545342
-0.9689628
0.36731383
0.20136714
-0.105288476
-0.11199123
0.54404175
-0.0037406236
0.8215139
-0.36825025
-0.47694847
0.47646427
-0.35493368
0.25757483
-0.5197841
-0.93102306
-0.6021761
-0.19439238
-0.5265852
-0.6520771
-0.031504393
0.1457355
-0.0050306916
-0.61931205
0.13791752
0.82671094
-0.007471919
0.06652835
-0.19724023
-0.17736769
-0.10338947
0.8537588
-0.08128789
0.07607889
-0.23271254
-0.24848151
-1.0135286
-0.30508462
-0.3772692
-0.7894833
-0.29918325
-0.2941735
-0.12687095
0.48520547
0.17159873
-0.19187048
0.3262476
0.18953216
-0.12511325
0.15684146
-0.059901953
-0.64205456
-0.35137534
-0.59944355
0.27263203
0.50314176
-0.3260869
0.51856077
-0.35510376
0.15553918
0.14940837
0.30925918
0.18496189
0.57110524
0.2054324
0.34375414
-0.1410679
-0.3333635
0.030278087
-0.53047067
-0.29529712
0.5143012
0.81232095
-0.31365103
0.4387922
-0.61298156
0.29475883
0.5448221
-0.61832696
0.39398518
-0.3332336
0.3099799
0.60706055
0.31648794
-0.42110655
-0.7259701
0.0966184
0.7555339
-0.2951241
0.05719596
-0.887578
-0.008830786
0.58113945
-0.086907715
0.7258631
-0.109955736
-0.110274166
0.14699605
-0.71139497
0.33669296
0.004615128
-0.07340576
-0.41391045
-0.2898504
0.51975155
0.45090255
-1.0187477
-0.6447346
0.063427895
0.054658607
-0.52509737
-0.12932122
-0.4955917
0.31646574
0.538633
-0.16430113
-0.053471953
0.77448976
0.303618
-0.8585663
0.16160971
0.031448156
0.5329485
0.48790887
0.2581036
-0.10112172
0.7562208
-0.23512384
0.6281911
0.54194754
-0.0124180615
-0.5231147
0.24845642
0.31884357
-0.21210104
0.18198493
0.27626476
-0.25217614
0.060142934
0.45441565
0.7016978
-0.09695175
-0.25995693
0.009545177
-0.35052952
-0.3412994
0.115662485
0.33796614
-0.09075366
0.43610185
-0.6586995
-0.27739853
0.7409885
0.18157709
-0.18213299
0.09119439
-0.1666764
0.34285867
-0.078077376
0.10120851
0.6571442
-0.3227586
-0.19656003
-0.31661916
-0.17817992
-0.91618663
0.010169804
-0.061480984
0.23747876
0.76659083
0.461931
-0.6684447
0.57973456
0.46097857
0.4255698
0.383182
-0.6937672
-0.60809916
0.25287277
-0.91646063
0.05200541
-0.57164526
-0.27755433
-0.34514558
0.15680015
1.0354362
-0.21564996
-0.2599475
-0.2532211
-0.2779842
-0.11636576
-0.22444174
0.0013752878
0.08614761
0.55195993
-0.40129986
-0.6273161
-0.28371894
0.4242094
0.37673622
0.9594493
-0.36234742
0.14528526
-0.6496183
-0.32645777
-0.2770456
0.8187717
-0.8200104
-0.062386006
0.20114431
0.004026115
0.6466982
-0.22216004
0.20528355
-0.0044908226
-0.07587679
-0.57082117
0.35440645
0.011602014
0.45522004
0.9851132
0.2262975
-0.11113441
-0.0308007
0.07890022
-0.18624797
-0.38601893
0.42468008
-0.4762927
0.13793594
-0.09673625
0.08575055
0.15347022
-0.592096
-0.2828858
0.39430192
-0.154751
-0.0319798
0.2242898
0.38754344
-0.5124867
-0.5600946
0.047906905
0.26812235
0.3836917
-0.84300673
-0.18194076
0.5422341
-0.010660753
0.4994326
-0.28890324
0.43548787
-0.57108355
0.13056627
0.56564337
0.43206468
-0.40006784
0.27597788
-0.90853953
0.077432364
-0.15099517
0.14704621
-0.36494198
0.91274494
1.004605
0.2830421
-0.3534755
0.6467413
-0.31469494
-0.1941387
-0.0006977618
-0.065460026
-0.423588
-0.6414908
0.22423008
-0.05512458
0.09580849
-0.9805846
-0.27017626
-0.7950842
0.3994444
-0.84257305
0.2720343
0.011808187
0.18683213
0.84015536
-0.05439633
-0.46853974
-0.139574
-0.3580097
0.53974414
-0.9872519
0.09877293
-0.43187916
0.66415936
-0.1473113
-0.08045888
-0.8497032
0.5829215
-0.25986862
-0.4460253
-0.73206806
-0.40342498
0.24985847
-0.173906
-0.13213623
0.13534003
-0.4679203
0.26794115
0.066283345
-0.7967265
0.6535701
-0.121215895
-0.019457191
-0.1796377
-0.10595703
-0.4136814
-0.30418077
-0.20591116
0.17204204
0.4752915
-0.24862938
-0.5125247
-0.01424332
-0.60911375
0.20441398
0.8854283
0.15716979
-0.105127305
0.05849707
0.17462435
-0.08576302
0.15575841
-0.8124291
0.9729755
-0.0328039
-0.5694685
0.18454221
0.12874052
0.34272146
-0.042869776
-0.33043987
-0.0038787425
-0.19881588
-0.4506928
-0.21148244
-0.30388138
0.19076335
0.41758987
-0.39606044
0.21992615
-0.0125359595
-0.43152282
-0.48262662
0.32360306
-0.480998
0.18233833
0.16701648
-0.7193699
-0.1494788
-0.25611252
-0.28165042
0.18104663
0.19013044
0.4893993
0.02187875
0.33149132
-0.71226823
0.36227438
0.5078777
-0.5227996
-0.13798645
0.00790225
-0.041915
0.116983175
0.43923974
0.0025537014
0.6647807
-0.6890613
-0.31195018
0.2202461
-0.1615256
0.69618237
-0.7740146
-0.07528508
-0.19734874
-0.76872844
0.9532396
-0.0676395
-0.19991961
-0.0299986
0.23363909
0.2006892
-0.63659513
0.7172961
0.22265351
0.50789106
0.30033308
-0.52324706
0.4749963
0.86899436
-0.53289163
0.45672807
0.35046488
-0.12610087
-0.24114479
0.24170235
0.14436284
0.23936218
-0.10559562
-0.41557354
-0.03665188
-0.67451584
-0.64509773
-0.108605325
0.19108123
-0.19857702
0.2139369
-0.52590233
0.6167623
-0.0406743
-0.13216692
-0.17569774
0.072522625
0.38282317
0.003306806
0.0010241568
-0.4413003
0.078070305
-0.47499034
0.14871767
0.5290125
-0.2048598
0.11294934
0.21191987
0.22026312
0.7051355
-0.34121478
-0.34453896
0.19580227
0.48725793
0.44574484
-0.13359147
0.6683614
-0.06297934
-0.6486846
0.630095
0.13454232
0.5123067
0.35077202
0.07908243
-0.03378406
0.43686116
0.10831675
0.7026922
0.3385825
-0.42540884
-0.18990883
-0.321075
-0.035635084
0.42951328
-0.3054226
0.1864593
0.44376147
-0.24658588
0.5457829
-0.47636867
-0.7417484
0.042933524
-0.9075941
0.7295681
0.017625242
-0.24315655
0.09506437
-0.27983937
0.12311411
0.06769839
0.26223478
-0.24083012
-0.28866547
0.24639463
0.41710174
0.07603121
-0.46641383
0.4425449
-0.7983073
0.55667007
-0.32504925
0.9596381
-0.23848921
0.1379576
-0.7788238
-0.3357717
-0.13724256
-0.51459694
-0.04628253
-0.54120815
-0.016678825
-0.17549932
-0.2657795
0.379161
-0.49881437
-0.42720458
0.3603476
-0.5747014
-0.1838419
-0.45361155
-0.103990525
-0.026370764
-0.2528503
-0.4769876
-0.2727722
0.5032121
-0.2749416
0.1552977
-0.08309698
-0.17791754
-0.55745655
-0.6577704
0.24212882
0.5697079
-0.64023066
-0.31182495
-0.08412111
-0.49744955
0.13270518
0.36492306
-0.053213596
0.6686528
-0.05384147
0.64036953
0.21016583
0.51162755
-0.6442437
-0.25284034
0.69862366
0.26529223
0.2612304
-0.8203813
-0.4879809
-0.17061445
-0.10352886
-0.08549382
-0.019141912
-0.3220591
-0.74126315
-0.6085788
0.9390096
-0.16044867
0.66236603
-0.22134787
-0.15745735
-0.27364326
-0.079247564
-0.2103672
0.37503493
-0.18257114
0.14170691
0.026781023
-0.7135947
0.26960778
-0.3835745
-0.27506417
-0.29149827
-0.34935457
-0.9784301
-0.027647257
0.4902605
-0.05581543
-0.6609055
0.111448914
0.25943425
-0.23022145
-0.52593106
0.35579354
0.5041625
-0.10598388
0.25477383
-0.12584013
0.516715
0.4862012
0.2287848
-0.5186925
-0.026869595
-0.044523895
-0.02943033
-0.42822272
-0.51181555
-0.87867665
0.019028425
1.0397705
0.22401258
-0.11952828
0.37718263
0.4986758
0.34827211
0.347315
-0.14283693
0.43833727
0.07866973
-0.48324856
-0.8908131
0.10370898
-0.1359296
0.23238847
-0.22214392
0.029422075
0.15162614
-0.13752544
0.23984647
-0.09821257
0.775738
-0.42415816
-0.00016477704
-0.33465672
0.7195072
-0.82691157
-0.28654614
-0.42503828
-0.8463463
0.22213724
0.40107548
-0.22692472
-0.116402686
0.4868076
-0.020768315
-0.08004305
0.035740763
-0.08115506
-0.5866797
-0.17532116
-0.16039121
-0.06602287
0.23626849
0.38467333
0.636037
1.0266962
-0.027377993
-0.05722247
0.5066825
0.10750392
-0.006221801
-0.13023397
0.5174371
0.6505629
0.8228103
-0.16063574
-0.23003575
0.41472763
0.56634367
0.547635
0.34035978
-0.048520565
-0.22239101
0.400864
-0.04978457
0.12931663
0.56890815
0.04439637
-0.0131246
-0.247966
-0.18384132
0.057780504
-0.39648676
0.97075677
-0.37900963
0.38064525
0.07834348
0.32074267
-0.0474132
0.09609833
-0.45422632
-0.47078812
0.07257801
0.1696223
-0.1529426
0.32950002
0.24471375
0.04138127
-0.19316295
-0.6778288
0.3882683
0.1926955
-0.43142292
1.0687333
0.8004713
-0.901991
0.21777052
0.38780525
-0.4403355
0.8082696
-0.7827991
0.5479282
0.1808491
0.17805138
-0.9053722
0.22288673
-0.20105739
0.37357795
0.049781322
-0.3794141
0.47313577
1.0521135
-0.17214328
-0.21709386
-0.2220659
-0.77426106
0.21975604
0.31038296
0.26639467
-0.24124533
0.16618064
-0.6407616
-0.0019344911
0.33210823
-0.52291036
-0.1540165
0.50338566
0.43287984
0.110174656
-0.633193
-0.04961148
-0.3258925
0.0744454
-0.20715514
-0.54054296
0.8890878
0.1270256
-0.62948275
-0.32123947
-0.51106584
0.5763052
0.17983767
-0.7142871
0.019634575
0.6294873
0.02904807
0.7527749
0.78341305
-0.5633022
0.6298747
0.57191956
0.48832414
0.61268485
-0.30815908
0.6288265
0.40802824
0.14347845
0.08685808
0.99182904
-0.021089017
0.5175996
-0.33700302
0.071789354
-0.30879223
0.47160968
-0.04024273
0.046366215
-0.5747539
-0.4882949
-0.065053165
-0.595748
0.22605893
-0.18927215
-0.3610799
-0.4083827
0.25158572
0.5595149
-0.08996293
0.2591878
0.5453608
-0.65805125
0.367062
0.27818507
-0.39185667
0.34542614
-0.061360687
-0.26757336
-0.20460382
-0.14490229
0.05364734
0.13667619
0.17774788
0.71687603
0.2156415
0.40112472
-0.57194364
0.06742421
1.1754254
1.0851437
-0.75708926
0.5779195
-0.5333209
0.21248356
-0.08466098
0.3809479
0.6915833
-0.09243959
0.13262433
-0.19508094
0.34525874
-0.46153122
0.7733233
-0.58991235
-0.34291792
0.15533821
0.45543495
-0.29633245
0.27291852
-0.154917
0.21109265
-0.6721771
0.17043346
-0.19463092
0.116299085
0.29499805
0.035386115
0.2182351
0.3159902
-0.23980618
-0.110991776
-0.007869095
-0.80052716
-0.29823992
0.33793056
-0.39832047
-0.38747597
-0.23577659
-0.2733915
0.3788427
0.59383374
0.36690676
0.6106862
0.5279047
0.1872499
-0.6940286
-0.74416846
0.42979097
0.2641977
-0.3137083
0.6657461
-0.43631583
-0.015483126
0.51781106
-0.33522442
-0.50119525
-0.27995452
-0.66994345
-0.93298686
0.19147387
0.80957985
-0.37073454
0.9396367
-0.4432346
-0.9197076
-0.29710734
0.4838011
-0.12082988
-0.26870495
-0.053203523
0.5500916
-0.77216434
-0.7064086
0.56962615
0.10486382
-0.44150698
-0.010318249
0.026106268
-0.15130487
-0.62561345
-0.4509434
0.30432642
0.5865489
0.029291004
-0.42198947
0.3916439
0.056355864
0.23720372
0.5377263
0.4497176
-0.38073206
-0.31246895
0.03739986
0.6187763
-0.48009914
-0.07820138
-0.24870491
0.63657665
-0.15143885
-0.08211936
-0.26121178
-0.54217553
0.15488249
0.32679442
0.0413523
0.25592497
-0.46672222
0.4502213
0.6017866
0.61067253
-0.55168724
-0.22403356
0.03381312
-0.658081
-0.11387682
-0.10500339
0.4834257
0.31040627
0.85134894
0.022221684
0.4201303
0.47566807
-0.38138682
-0.081882976
0.53991866
0.3989382
0.21845114
0.18631986
-0.0002412498
0.22507295
-0.60417813
-0.7255608
0.25218284
0.396382
-0.58605736
-0.5306694
0.37279594
0.4586818
0.37710753
0.52468
0.76010144
-0.9513192
-0.54636556
0.052834995
-0.18018001
0.13607629
-0.20717078
-0.19104594
0.08383834
-0.82969666
-0.19828403
-0.40278187
0.13494396
0.4261617
0.31107983
-0.16722237
0.19653466
-0.345189
0.3493148
-0.65702164
0.2183652
-0.31650534
-0.09123239
-0.33990145
-0.47413874
-0.14539069
0.027399749
-0.711125
-0.30605268
0.55101645
0.8487664
-0.44291663
-0.20666906
-0.7442168
-0.22638315
-0.019847319
-0.2481826
-0.04124835
0.7005331
-0.3429834
-0.90008986
-0.37757573
-0.3697561
-0.7357978
0.026323527
0.69660544
-0.65870285
0.44896385
0.34636223
0.5985485
-0.55092275
0.09740412
0.42170656
-0.64358056
-0.23372571
0.024191827
-0.093363196
-0.43144035
-0.18484986
0.39374802
0.38744324
0.1076999
0.5526824
0.50018144
0.35343572
0.7971048
-0.03012675
-0.73417103
0.8886097
-0.23236626
0.33066612
0.29480994
-0.0035759509
-0.1360518
-0.7079864
-0.017741293
-0.5299628
-0.6865918
0.71654266
-0.50497615
0.26368043
-0.15229362
-0.049858272
-0.1000773
0.23234269
0.2633945
-0.10197225
0.43790293
0.011280149
0.8565527
-0.41248703
-0.111869454
0.72309905
-0.1640301
-0.25924915
0.39637184
0.6071472
0.17445531
0.6232799
-0.074967556
0.44808537
-0.16019168
0.12007907
0.27161166
0.23799568
-0.075225234
0.9329959
0.21649134
-0.23925889
0.625041
-0.22589126
-0.45207256
0.06441453
0.12079039
0.2858352
0.2260952
0.07926357
0.6514071
0.7621621
0.5026254
-0.42342067
0.5053155
0.27380642
0.34191728
-0.73012143
-0.7715535
0.4961704
-0.2380872
-0.40722597
0.32791644
0.7745007
0.74344194
0.043589413
-0.27483892
-0.12163669
-0.09381956
0.14432508
-0.47148973
0.11578357
0.3111325
0.051208988
-0.8489946
0.088531315
0.4605392
0.46209803
0.03513822
-0.26579493
0.538597
-0.08362378
0.7661642
0.46575573
-0.7793493
-0.3635933
0.077562094
0.3092142
-0.21157536
0.041740835
0.1973612
0.8106492
0.30536932
0.32057753
0.049249887
-0.37722015
-0.34498325
-0.75277334
-0.22995234
0.19824645
0.120180786
-0.43505916
0.17066064
-0.6894846
0.6516738
0.38001072
0.71944547
0.23705393
-0.34565866
0.630028
-0.22994304
0.12500598
0.17162901
0.3706564
-0.1466198
0.16974327
0.7555703
0.29673266
0.116176546
-0.9825314
0.51595485
-0.7067094
-0.05984728
-0.446769
-0.086325675
-0.16523688
-0.3069335
0.09694898
-0.044238925
0.42300966
-0.3891429
0.05228828
0.19601822
0.026924849
-0.062235445
0.36606842
0.6814086
-0.3497603
-0.7310972
0.89358073
-0.8028885
0.0053899884
-0.5767524
0.050168112
0.21657711
0.7197528
0.4309492
-0.5562577
-0.782508
0.37617388
-0.596088
-0.12455216
0.36880985
-0.66623914
-0.40028256
0.47694814
0.13247088
0.6121223
-0.30046946
-0.8496016
0.14111015
-0.39704973
0.024002403
-0.51325524
-0.18015832
0.0973258
0.19560924
-0.40369537
0.27039242
-0.64596665
-0.1581636
0.161345
0.28651768
-0.40378496
-0.21700428
0.4209253
0.19094288
0.51089346
-1.0053154
0.21552753
-0.24602273
-0.6982137
0.41796678
-0.3526047
0.4746946
-0.72980314
0.1187346
-0.075064786
-0.4552135
-0.6468621
0.28720647
-0.8164742
0.21455497
-0.32940993
0.85175973
-0.090349
-0.5092335
-0.20308788
-0.13475285
0.36637476
-0.038628243
0.70989573
-0.7643959
-0.55020064
-0.60762095
0.39669034
-0.11069472
0.99058586
0.7121714
0.89768535
-0.07791394
-0.4172197
0.33709392
0.7538585
0.58590126
-0.22641912
-0.20702296
-0.8468724
-0.41768304
-0.7219799
-0.44265556
0.49921373
0.46524736
0.41974658
-0.5906059
-0.075961046
-0.089445524
-0.26708078
0.03519085
0.2073736
-0.920762
-0.03387466
0.8465366
0.70808256
0.43650824
-0.46268886
-0.998145
0.9976397
0.53937644
0.11352738
0.51079136
-0.73443663
0.9544885
0.491553
-0.52855694
0.4895212
0.5957677
-0.6597484
-0.995812
-0.040542256
0.32635376
-0.35338095
0.9915218
0.96839553
-0.08852123
-0.24139935
-0.30037957
-0.41605687
0.80961555
-0.064812206
0.14331812
-0.8036691
0.6062276
-0.2899752
0.47506657
0.5165762
-0.24388254
-0.7282185
0.46603432
0.27940157
-0.16001263
-0.5562044
-0.025763702
0.6515704
-0.03589359
-0.76565903
-0.8880066
0.082153164
0.99554133
0.18189193
-0.27532545
-0.6022241
0.09606163
0.7951672
-0.13156311
0.48245436
-0.25113854
0.7581009
0.4541317
0.7276929
0.03365764
0.9302084
-0.019701477
-0.3106214
0.28061125
0.92115813
0.6297945
0.0979757
0.19295995
0.070680425
0.81987256
-0.9212067
0.60256904
0.32331604
0.1857262
-0.153778
0.7494818
-0.38944495
-0.32814905
-0.96148133
-0.26629505
0.19500196
-0.17395161
0.5484916
0.6307515
-0.82291734
-0.7553611
-0.23847878
-0.39380333
0.68930155
0.17882536
0.31482744
-0.75995916
0.09780537
0.60081935
0.97952574
0.16442983
0.74367267
0.57592106
0.5193881
0.17244208
-0.7006379
-0.8062522
0.9935314
0.17848268
0.15359843
0.024261596
0.63962823
0.47649464
-0.7345227
0.08271978
0.42692262
0.64205205
-0.7254614
0.11657844
0.80784696
0.15316112
0.86688787
-0.7794826
-0.46082082
0.2906522
-0.90067124
-0.8060777
0.35111663
0.10357727
-0.19861923
0.29440185
0.2673828
0.9083882
0.18494318
-0.93793046
-0.099213876
0.43393338
0.079157196
0.21116185
0.46119425
-0.7393368
0.16266453
0.4967786
0.3004146
0.295579
0.81899196
0.24144906
0.47675046
0.03381445
0.3095494
0.009208651
-0.2775594
0.922752
0.7034333
-0.01879989
0.7272717
-0.1567213
-0.14322408
-0.19183718
-0.4517545
-0.8648221
-0.96881306
0.85210544
-0.49037454
-0.04153041
0.62916243
-0.09062914
0.69743043
0.26996318
0.7569978
0.7751139
0.40532532
0.3442535
0.044523306
-0.8485556
-0.67289424
-0.67678875
0.5906764
-0.38484687
0.60942614
-0.07776511
0.8828459
0.98803985
-0.8919617
-0.16114025
-0.28695425
0.61537
-0.04417889
0.27106857
0.6039752
-0.31881425
0.5488487
-0.035726625
-0.97295374
0.7949132
0.15572985
0.036307618
-0.0040070154
0.9465952
0.25235847
-0.020498473
-0.018191345
-0.49574223
0.8809844
0.71116066
-0.3525803
0.37847203
-0.79499185
-0.40993708
-0.8768287
-0.8179293
-0.6954153
-0.6682245
0.1760782
-0.12466734
-0.7906409
0.47102836
-0.7223675
-0.19167864
0.9589427
-0.6999709
-0.18645947
-0.45303336
0.45466328
-0.81864125
-0.32871026
0.2793541
0.035502564
0.11874082
0.23851791
-0.9283042
0.47006822
0.7954126
0.13645804
-0.15023199
-0.4680714
-0.70546067
-0.44679064
0.026741266
-0.7072639
0.82489145
0.8242948
-0.71080786
-0.4852934
-0.17700624
0.7083324
-0.16446751
0.21113734
0.18583626
-0.65355784
-0.36826646
0.057813164
-0.89806044
0.02832423
0.2857116
0.41871598
0.39464203
0.33846495
-0.81473684
-0.14994141
-0.058275606
-0.32309836
0.9808842
-0.90898985
-0.57931376
0.50216126
-0.59134334
-0.49127695
0.18244745
-0.6673264
-0.37408507
0.083194025
0.87286466
-0.66342974
0.7404041
-0.29316923
0.61701614
0.88837373
-0.33778563
-0.913716
-0.87051296
-0.34375623
0.5143487
-0.7436323
-0.750699
0.74301946
0.43858266
-0.1904384
-0.72975916
0.48607773
-0.74370307
-0.6326944
0.16363691
-0.5771266
-0.6854263
-0.0771048
0.64584225
-0.8538645
-0.8692821
-0.93932307
-0.39640668
-0.52589774
0.5859667
0.37448356
-0.9149012
0.4530517
0.92636585
-0.9944085
0.31888115
0.2570393
0.14328352
-0.94881624
-0.7277607
0.7439784
-0.33677027
-0.005621004
0.37733266
-0.92142993
0.4919312
0.14447331
-0.23202969
0.44330114
-0.3035544
-0.6859079
-0.7755976
-0.82173866
0.47824836
-0.06920058
-0.30602294
0.64134055
-0.40517846
-0.7115005
-0.21048385
-0.021146897
0.5397475
-0.36631635
0.02997943
-0.66058064
-0.35162544
0.56411016
0.21646403
0.47648343
0.4466861
-0.008487745
0.22074111
-0.7003226
0.85998726
-0.8690904
-0.59205544
-0.3449051
0.19184819
-0.49544716
-0.44864875
0.9700545
-0.23081781
0.55476207
0.09602185
-0.41926348
0.80612236
0.16374855
0.34469497
-0.7957053
0.0154550895
0.04151987
0.71238524
-0.040376894
0.49284038
-0.10821744
0.37129277
-0.77965194
0.15466297
0.751805
0.7942841
0.4822627
-0.98500305
0.47479284
0.8970617
0.027351156
0.020458516
0.9278292
-0.83430797
-0.6954614
0.31127954
-0.13482858
0.12548
0.77060467
0.34799477
0.82938886
-0.3214376
-0.67290324
0.45403272
-0.02704807
-0.6344409
0.6066583
0.073264085
0.416695
-0.62570906
0.0030226137
0.21665275
0.29813072
0.98208153
0.6143524
0.6131104
0.35679615
-0.31751254
0.47562933
-0.21553613
-0.4532438
-0.086448565
-0.30656886
-0.19662847
-0.4572963
0.86992276
-0.6220021
-0.92682123
-0.9237464
-0.9731517
-0.94552165
-0.4445846
-0.79652816
-0.9108835
0.49192598
-0.771539
-0.9558287
0.25986624
-0.0981796
0.5917437
0.6908624
-0.29354268
0.6659692
0.7388296
-0.6173352
0.7428108
0.74593896
0.54854155
-0.12160631
-0.14732307
0.48846945
-0.055519603
-0.39024305
-0.19732682
0.86075443
-0.43612376
0.11081768
-0.5266684
-0.10195883
-0.65172726
-0.5626706
-0.5442137
0.3086918
0.27091038
-0.7376748
0.59215635
-0.32260633
0.63575834
0.12376152
-0.4021745
0.37610176
0.42217055
-0.72581935
-0.5625981
-0.93459666
0.98198164
0.34195694
0.28444487
-0.53430206
0.23574474
-0.04525742
0.24711306
-0.60452926
-0.9942869
-0.83816594
0.22061802
0.058600135
0.101044334
-0.96610945
-0.38303325
0.30428165
-0.7562659
0.15809104
0.45053282
-0.43538707
-0.31885803
0.5587341
0.36917382
-0.04473094
0.2544061
0.21119043
0.11644661
-0.8224087
0.4815395
-0.8284876
-0.35858738
-0.9324032
0.4193712
0.9276597
-0.3697986
0.34641
0.056288388
0.15394846
-0.49846405
0.9783654
0.61581504
0.31322065
0.095321566
-0.0024849991
-0.44019145
-0.30976003
-0.054129545
0.14800394
0.94346434
0.4239855
0.7969359
-0.17328674
-0.49112093
-0.3308986
0.9209511
0.16144124
0.23008972
0.051552832
-0.54829687
-0.70657855
0.20315616
0.51793426
0.6304917
0.48928556
0.16937855
-0.24027766
0.96992403
-0.80713415
0.6980212
0.3818845
0.28720784
-0.3449466
0.44738534
-0.008529928
-0.020821815
0.9052711
-0.5029923
-0.53060675
-0.08152498
-0.42651492
0.6356146
0.2995584
-0.37260827
0.2368402
0.2844347
0.052522756
-0.7002031
0.60617465
-0.39684576
0.9428252
0.55426437
0.8664515
-0.56424785
0.7799929
0.3967243
0.53815067
0.6964829
-0.08039716
0.018319467
0.05431055
0.8372359
0.05637287
0.02083203
0.8210354
0.52572596
0.1352881
-0.44702145
-0.53475827
-0.2454291
-0.942831
0.8288593
-0.6562861
-0.7723372
0.042714678
-0.89124185
-0.26687178
-0.07867814
0.670037
-0.4844699
0.9960443
-0.36348286
0.8763324
-0.5865038
-0.6949729
-0.3244308
0.5754077
0.95333004
-0.36512288
-0.90376496
-0.33838245
-0.66543
-0.34568983
0.023055691
-0.07514402
-0.021207018
0.083434284
0.17727812
0.97793156
-0.7389048
-0.97956645
-0.47190356
-0.63835555
0.49689558
-0.12154939
-0.47675768
0.46189663
-0.495041
-0.08410037
-0.8977722
-0.76949304
0.9476265
-0.77098495
-0.81829613
0.8654273
-0.25756326
0.3069261
0.4514532
-0.8642626
-0.89225364
0.65444887
-0.3159466
0.34256455
0.2595981
-0.3613443
0.513991
-0.79481983
-0.9654176
-0.57841647
0.6096138
0.06088466
0.9734653
0.1265621
-0.80103517
-0.64857095
-0.13186783
-0.6436012
-0.20056334
-0.54449844
-0.8431157
0.31931195
-0.18493138
-0.46326166
-0.02618761
0.16160697
-0.51598614
-0.23279136
0.08672193
-0.52677345
0.5800417
0.90910214
0.18852177
-0.7212672
-0.28727227
-0.44898605
0.5879506
-0.17852134
-0.67344475
-0.96449375
0.41790572
0.21302342
-0.658286
0.7617782
-0.85078025
0.48025537
-0.13760915
-0.49237096
0.5981769
-0.6469755
0.9887802
-0.14050336
-0.7487884
-0.008554304
-0.07148917
-0.40783706
-0.4849996
0.842276
0.46507263
0.82441056
-0.600177
0.79848844
0.7821309
0.28788564
0.8786867
0.9148024
-0.22163104
0.08285916
0.0007224308
-0.7928073
-0.96776557
-0.8280524
0.04367039
0.8884451
0.4910296
0.97670573
0.046772696
-0.4083638
0.52643126
0.1780906
-0.2395892
-0.40611374
-0.100078456
-0.18345098
-0.21950172
0.45314142
0.5353394
-0.41011173
0.16225742
-0.9685389
0.17913577
0.98314935
0.9538106
0.22092013
-0.24025396
-0.0025527738
0.31350186
0.10171563
-0.6521892
-0.06866584
0.2795111
0.99597836
-0.16909155
-0.7823382
0.74798626
-0.6332552
-0.62097037
-0.5434912
0.073331214
0.43654406
0.7648116
-0.2960168
0.61914945
0.62293404
0.6006738
0.27438435
0.123028785
-0.68383855
0.39157122
0.93437624
-0.42488056
-0.20837423
-0.48313898
-0.4028996
-0.8165646
0.72978085
0.37451267
0.5350892
0.8445303
0.4322022
-0.7903098
-0.30277175
0.10364091
-0.5695574
0.6789641
0.2204963
-0.7262448
0.51356137
-0.419296
-0.015026691
0.9949262
0.5181325
0.70761853
0.20949812
-0.38937432
0.5055008
-0.7489519
0.9620075
0.14421473
-0.36508748
-0.28630713
-0.8469631
0.8560406
0.47906566
-0.62281924
0.8826539
0.153854
-0.15309298
-0.6281204
-0.3273012
-0.7955654
0.46486312
0.33358458
-0.7854164
-0.30456653
0.82024086
-0.098322205
-0.46996543
0.7990845
-0.06357082
0.07173592
0.919381
-0.5249421
-0.52792174
0.9524198
0.19843116
-0.62387615
0.11023041
-0.0064005917
0.015041181
0.10507082
0.14319769
-0.92046297
-0.3947192
0.48810983
0.75070035
0.780089
0.32382017
0.37008747
-0.050268102
0.87364393
0.2723324
0.247737
0.6084558
-0.07172921
-0.69252706
-0.12423466
-0.2156889
0.55126345
0.9661947
0.5243122
0.99931544
0.78084534
0.81545407
-0.95021063
-0.6804935
0.16439483
-0.27759942
-0.32461247
-0.69817924
-0.841657
0.5315913
-0.9234718
-0.3524593
0.28018984
-0.092928134
-0.58228797
0.6962622
-0.23929556
0.10819879
0.46554202
-0.13372882
0.91401565
0.7899415
0.94957787
0.3691786
-0.7717051
-0.22283489
0.41872934
0.35074687
0.69549257
0.15529615
-0.53951305
0.31329316
-0.087747544
0.74219173
-0.6148789
0.9063526
-0.90697986
-0.8908177
0.19512036
0.3969061
0.5459059
0.36309406
-0.5658705
0.33926305
0.7319601
-0.5949632
0.8644585
0.015896985
0.11223309
-0.8414815
-0.65508866
0.25591952
-0.3063813
0.43649688
-0.21761209
0.83936906
0.7443724
0.41897318
-0.6072696
0.6637993
-0.5342601
0.12797333
0.8649504
-0.9211925
0.5864037
-0.9078922
0.63375187
-0.85990673
0.90497726
0.12219087
0.61943424
-0.5769612
-0.9919692
-0.7350558
0.59018326
0.85362947
-0.57498246
-0.25176254
0.1169549
-0.6728985
-0.118933074
-0.421275
-0.25887066
-0.7312976
-0.21615322
-0.82234144
0.13731492
-0.7808129
0.50926346
-0.5396453
-0.96685547
0.31521794
0.23828457
-0.7305718
0.4474676
0.9703605
0.11711199
0.612221
0.15666683
-0.4732888
-0.48369342
-0.85228014
0.46873415
-0.6756418
0.25812998
-0.16439874
-0.32207108
0.965598
0.10312021
0.8134636
-0.2242542
-0.7072767
-0.3450203
0.60919625
-0.14028771
0.20403443
0.5963639
0.5394924
-0.46120754
-0.8576388
-0.64057094
0.6307125
0.74123317
-0.5911429
-0.8206873
-0.575158
0.0020232464
0.23237473
0.538643
0.036932793
-0.96815294
0.70739573
-0.26966184
0.38387564
0.25623038
-0.79394406
0.3278615
0.013377129
-0.27417627
0.7320268
0.5271559
-0.06826547
0.04751994
0.90957105
0.7063025
0.042904694
-0.50947523
-0.2600664
-0.28444976
0.019485947
0.47761872
-0.09532422
0.8832525
0.8773088
0.61223596
0.82142097
-0.68373156
0.90855193
0.16281748
0.3476411
-0.32157576
0.35844082
-0.05243311
0.18416438
-0.43957895
0.6289003
0.14256269
-0.04105907
-0.373671
0.29023176
0.5226481
0.9671389
0.53767073
0.81911933
0.4677988
-0.36140946
0.76172966
0.30461723
-0.8512339
-0.8432203
0.11677644
0.7147315
-0.021486644
0.93301094
-0.98230386
0.83999103
-0.86232495
-0.75264704
-0.25689143
0.76115686
-0.22476779
0.08853805
-0.19885765
0.45643407
-0.67769885
0.11748749
-0.63236827
-0.61599874
-0.79303646
0.97766834
0.35092574
0.92265
-0.67020017
-0.65953374
-0.7031118
-0.03730636
-0.5529963
0.8934864
0.41596198
0.6022857
-0.2931469
0.74503446
-0.6439787
0.62568706
0.2544924
0.98593473
0.19847478
0.35083458
-0.35182005
0.51205385
-0.53448874
-0.5807591
0.11812959
-0.08990598
0.78643095
-0.13601239
-0.9775568
-0.48636806
-0.971232
-0.34499833
0.7005485
0.71745723
-0.45104498
0.5641829
-0.9413022
-0.35367712
-0.94635516
0.14551893
0.4913611
-0.015868176
0.40249923
0.76125443
-0.3080411
0.94697064
0.7765541
-0.76053095
0.98337066
-0.6452394
-0.33599278
-0.26137587
0.77402425
0.06595321
-0.16277282
-0.08772916
-0.5089862
0.23055242
-0.63617885
0.13419825
-0.0053229276
0.7630454
0.5203222
0.5170201
0.7770518
0.20586373
-0.42605695
0.53585494
0.5778988
-0.78194165
0.56338614
0.09640433
0.27179855
0.6217265
0.42434072
-0.5195939
-0.7595329
0.9330082
0.16842215
0.5627416
-0.68574786
-0.623328
0.48426455
0.7619808
-0.44737646
-0.4542591
0.55037594
0.6445416
-0.6103143
-0.9223527
-0.4400001
0.86110175
-0.0014768594
0.82670987
0.5540745
-0.96481156
-0.6165909
0.81551236
-0.08648869
0.82612723
0.07692441
0.3908606
0.44647992
-0.12645139
-0.69320697
0.46320763
0.5723317
-0.9969454
-0.81402993
0.39451376
0.9495993
0.21167633
0.91759175
0.81382704
-0.037511
-0.50810057
-0.7689735
0.6338064
0.035891384
-0.7485858
0.8057487
0.699658
0.6685086
0.8770193
-0.59385604
-0.9016666
-0.40685683
0.3603314
0.9124393
-0.8666099
0.59324276
-0.82918197
-0.56461024
-0.07616607
0.7340688
0.48073837
-0.13184196
-0.8647217
-0.47468576
0.5380334
0.40454412
0.9305736
-0.16625498
-0.17132713
-0.11515751
0.25905392
0.77091694
0.44539168
-0.32013065
-0.35739294
-0.9771076
-0.48005205
0.06337808
0.079574764
-0.16648842
-0.9927727
0.920801
0.49701378
-0.11276335
-0.16470112
-0.42533803
-0.88338757
0.5264882
0.7761052
-0.057389174
0.25608987
-0.9352601
-0.7487339
0.7511948
0.1347376
0.37177125
0.32993373
0.8616067
0.6119209
-0.25267583
-0.9062786
0.266134
-0.67888236
-0.4421088
-0.6177558
0.71536815
-0.97067213
0.37993744
-0.39992046
-0.9754023
-0.23044951
-0.95073795
0.6395011
-0.2905189
0.7140018
0.7368032
-0.81934816
0.91608506
0.4331925
-0.5326657
-0.5493213
0.43888333
0.49892396
0.55066013
-0.96230704
-0.66211987
0.81758976
0.8867626
0.6670875
0.9190519
-0.29513597
0.57810706
0.22495359
-0.20508397
0.67377937
-0.3392528
-0.18725261
0.3718002
0.62616843
0.64836437
-0.038609777
-0.115433834
-0.8783791
-0.2027448
-0.9760553
0.41681784
0.45428917
-0.63189715
0.35278806
-0.063275814
-0.29838514
0.43274713
-0.8039102
-0.53170395
0.79369414
-0.44948545
-0.88075846
-0.30666292
-0.58680546
-0.0323273
0.7830774
0.3421572
-0.06602838
0.14062747
-0.82126486
-0.89661634
-0.28956935
0.11057761
0.22715016
-0.122019894
-0.54021996
-0.6681981
-0.11852335
0.44348717
0.5534602
0.6085007
0.59494364
-0.539162
0.7387545
-0.80019534
0.8522256
-0.39387998
0.0044805426
-0.22239362
0.13216391
-0.49895218
0.15505613
0.39482445
-0.8504086
0.6298069
-0.07092635
-0.5839819
0.16574453
-0.14303254
-0.59327185
0.47353134
0.5020745
-0.22142114
0.5888378
-0.43561977
-0.49259034
-0.1310394
-0.22487351
0.9710031
-0.5841908
0.68467706
0.8976724
0.118088715
-0.6664883
-0.15205249
-0.14765246
0.62785196
0.34566352
-0.42736834
-0.13985048
-0.5151099
-0.07627287
-0.52104807
0.52658933
-0.14489716
-0.90945387
-0.8333814
-0.46642467
-0.5846789
0.8409455
0.31633866
-0.12292585
0.036484923
-0.7942093
0.7382867
-0.40439403
0.7221503
0.38083732
-0.7585522
0.8889329
-0.8419408
0.90677935
-0.6281332
-0.09579096
-0.4490291
-0.005954942
-0.1167426
0.2513951
-0.5077634
0.531777
-0.93038684
0.34950686
0.49901974
-0.42138335
-0.27130127
0.056942277
0.20327535
0.34425074
-0.37651056
0.87713957
0.5823544
-0.47420102
0.673236
-0.99659795
0.4076309
0.77101815
-0.37866604
0.05957128
-0.100970834
-0.75030684
0.24342027
0.26749492
-0.9555697
0.27115732
-0.7637712
0.36948705
0.18692762
0.36778468
0.22182056
0.08644594
-0.05631023
0.70296407
0.1642674
-0.5758829
0.8145146
-0.622446
0.30765605
-0.13784154
0.17931311
0.012782975
-0.74976707
-0.41556758
0.11219592
0.7332531
0.2802885
0.63172317
-0.91091305
0.2304254
-0.62861896
-0.5514577
0.9126658
-0.011416049
-0.28458542
-0.81389457
0.6230838
-0.38450974
-0.20841652
-0.3446546
-0.04973889
0.6478212
0.7000288
0.75880665
-0.43367985
-0.5128012
0.095546655
0.75970745
0.8581016
-0.06608122
-0.14819428
-0.53110355
0.32781333
0.82177144
0.6352337
0.43978083
-0.09920673
0.5510588
-0.66004026
-0.19341989
-0.965938
-0.11585844
0.272722
-0.6060526
0.70881546
0.09649307
-0.95313555
0.34349164
-0.25068244
0.5660834
0.28673458
-0.35659197
0.81317604
0.6327585
0.36335927
-0.9603721
-0.15307774
-0.24289168
0.6961745
-0.3047332
-0.9749081
0.28248686
-0.44847855
-0.47535306
-0.8187716
0.41773534
-0.15927242
-0.8648742
-0.94861966
-0.5983067
0.9990591
-0.26201287
-0.5884409
-0.5513019
-0.5096822
0.41748285
-0.783597
0.32392707
-0.5642385
0.72887385
0.21811178
0.40143406
0.84533554
0.55462366
0.43971506
-0.5462212
-0.8397024
-0.86847544
0.2683146
0.38034987
-0.35919207
0.121985406
-0.9203819
0.35833624
-0.4470548
-0.13099895
0.6788306
0.19179682
-0.6716848
0.32607087
-0.23262943
0.9386405
-0.3860572
0.32928738
0.095411494
-0.48285592
-0.107239045
0.90629256
-0.40205127
0.4543344
-0.60396385
0.68311465
-0.6701009
-0.3539823
0.65290993
-0.23057924
-0.5498439
-0.33107617
-0.30001333
0.1652739
-0.71798027
-0.6689937
-0.4124745
-0.47768542
-0.6338447
0.23591657
-0.6221224
0.37905833
0.48338178
-0.31707564
0.29971838
0.343491
-0.3003298
0.51406485
0.623848
0.5998231
0.32606032
0.8740659
-0.78891313
0.7501558
0.9941067
0.4763755
-0.7582872
0.6961583
-0.29351464
-0.27514616
0.6210218
-0.17996709
-0.85567653
-0.32257104
-0.042969696
-0.59251595
-0.9805431
0.521699
-0.95894605
-0.3598952
0.78650653
-0.8570433
0.78492045
0.5353251
-0.11220837
-0.45599058
-0.68302107
0.68985265
-0.939561
-0.39902797
0.21880579
0.12675434
0.011262718
0.8804904
0.8826676
0.3282713
0.08918096
0.9650598
0.9175915
-0.45547518
-0.058024283
-0.37843385
-0.2449245
0.7929518
-0.110078216
-0.02516029
-0.24120586
-0.6123832
0.31244066
0.7115082
-0.6727031
-0.7361836
0.066239074
-0.5907576
-0.40678543
0.7154987
-0.68620133
0.71040964
-0.9743277
-0.49078447
0.22766565
-0.7870993
0.4446525
-0.58772683
0.18927236
0.91783804
0.5356558
0.4945738
-0.6439192
0.40647408
-0.8812188
-0.9393556
-0.75428796
0.16763178
-0.9094211
0.67397296
0.56582063
-0.25026423
-0.17739943
-0.9954508
-0.69558
-0.18364851
-0.023116205
-0.7873618
-0.70379627
-0.2707804
0.36593124
0.16312942
0.18556459
-0.8198051
-0.892949
0.41873077
-0.45696238
0.65659285
0.45862672
0.3630029
-0.8717938
0.9318804
0.010810881
-0.87469643
0.14490396
0.21403465
-0.20472112
0.48910964
0.026945682
0.4569315
-0.9956289
0.7999091
0.48765278
0.8677491
-0.6589897
-0.586099
-0.1807281
0.7816441
-0.6760375
-0.9947375
-0.82195073
0.08766959
-0.51039696
0.51056963
0.6660534
-0.6548998
-0.6529665
0.93028075
-0.7139678
-0.68431145
-0.96074075
-0.9838159
0.3262507
0.4615217
-0.54172444
0.08253211
0.9930457
-0.28808796
0.61253005
-0.9443382
0.27122715
0.33655205
-0.49259993
0.7129207
0.76455986
-0.25064975
0.8869537
-0.8747544
0.10869202
-0.5988326
0.7643289
0.35884863
0.05591178
0.51151645
-0.43667546
-0.28990278
-0.68235564
-0.55229324
0.36165866
0.7882156
0.0588403
0.33352974
-0.28292266
-0.25593314
-0.6815146
-0.026809724
-0.5804373
0.47838414
0.0660212
-0.6835141
0.6318149
-0.27320734
-0.7755108
-0.005970231
0.042746298
0.7351028
0.037279204
-0.0070978994
0.6895578
-0.6535818
0.4680548
0.38554522
0.373041
-0.19866978
-0.3071205
-0.109117806
-0.13304153
0.0463901
-0.8900794
0.66848654
0.3164573
-0.80518925
-0.09354192
-0.69580764
0.85793036
0.7253389
-0.37106445
-0.92442626
0.13287841
-0.8969145
-0.25108936
-0.13076387
-0.263202
0.5364033
0.2561707
0.06275153
-0.83493614
0.16284434
-0.8257477
0.9421425
-0.974507
0.7983119
-0.5706834
-0.51046705
0.62707007
0.5025956
-0.75344336
-0.36392578
0.27694753
-0.7192644
-0.90531135
-0.6010539
-0.9929489
-0.8686293
0.060297403
0.8427663
0.43698874
0.42697668
-0.6951227
0.6213822
0.23371874
-0.39103806
-0.76893014
-0.96277493
-0.070879914
0.15808904
0.9212907
-0.83798337
-0.2550154
-0.6616826
0.6416047
0.53122085
-0.9557612
-0.9665681
0.32274428
-0.91436696
0.31994984
-0.6471944
-0.17651746
-0.07147749
0.093107924
0.2292682
-0.9058971
-0.54580885
0.0056655686
0.3652027
0.063143335
0.9106859
0.5454837
-0.8313008
0.71221554
0.7223557
0.48860976
-0.9848389
-0.14125328
-0.8933512
-0.11887225
-0.33133942
0.72334135
-0.548471
0.030710625
-0.4409805
-0.83362585
-0.28844383
0.9831623
-0.02481627
0.5134486
-0.48388597
0.7567621
-0.31399453
-0.61666304
-0.44659206
0.21271144
-0.115197
0.8826703
-0.038080014
-0.11903705
-0.15602282
0.02508217
-0.06946391
0.6367994
-0.837365
-0.40018198
-0.94107765
-0.8590598
-0.93812037
-0.525793
-0.5073377
-0.6983753
0.40308207
-0.034859613
0.50639313
-0.6662962
-0.3889808
0.82800955
-0.18571065
0.005418243
-0.95356786
-0.91744137
-0.97287416
0.8640432
-0.808916
-0.6587941
0.8680072
-0.56073844
-0.34280664
-0.41857478
-0.5110139
-0.8584409
-0.0005746751
-0.46288446
-0.7899238
0.35240796
-0.6634826
-0.9704793
0.8723976
0.2793465
-0.22737548
0.42634484
-0.4977041
0.046573285
0.9830399
-0.3598928
-0.23228948
-0.6326709
-0.21334292
0.88082963
0.84420043
0.010878043
-0.97596663
0.19988753
0.5903283
0.21835482
0.92819303
-0.9073306
0.60568327
-0.9913399
-0.7732269
-0.10468492
0.9134619
-0.7368105
0.5011218
-0.76721394
-0.37833625
-0.048994068
-0.784186
-0.4637341
-0.7138313
0.7710844
0.8803145
-0.30307844
0.69745326
0.61639625
-0.765457
0.82971364
-0.33106372
-0.45502532
0.85540223
0.5769617
-0.36895585
-0.11860302
-0.18687077
-0.84465533
-0.10970858
-0.76502377
0.55907583
-0.06779401
0.8967299
-0.72544336
-0.50921065
-0.015820209
-0.6229156
-0.21556467
0.1296245
0.88656354
0.3270464
-0.43764338
0.05662722
0.060112324
0.19822925
-0.23978402
-0.93680805
-0.44708472
-0.41698456
-0.13605851
0.37998155
0.04562105
-0.5582929
-0.1438577
-0.2971718
-0.2482021
0.9370657
-0.44835237
0.16707855
-0.56353873
0.05573439
0.4259052
-0.9581531
0.32133645
0.3428569
-0.15823895
-0.44201303
0.33039385
-0.6551436
0.9869486
0.6447757
0.525201
-0.5773539
-0.70727897
0.37811613
-0.8627949
-0.73983026
0.3221901
-0.7604294
0.42468578
0.5935606
0.73564696
-0.8651814
-0.614141
-0.2527403
-0.6041005
0.85814077
0.93943894
-0.49118155
0.51073426
0.25669944
0.41155228
0.13070332
-0.86027163
0.6286227
0.06281371
0.64709973
0.9761399
-0.8516673
-0.60159564
0.19419725
-0.7212082
-0.9283199
-6.450259E-05
0.38671413
-0.74437374
0.31084484
-0.56857145
-0.24956515
-0.9770148
-0.6959261
0.405068
-0.5366482
0.967519
0.5408998
0.22018763
0.11334468
0.6335154
-0.4453999
0.18592066
0.11720376
0.38113034
0.55091393
0.33012733
0.25731996
0.2866273
0.504934
-0.26721346
0.99406534
0.7964324
-0.665497
-0.8007997
-0.3115778
-0.5344398
0.2621888
-0.3017959
-0.5891407
0.1935921
-0.3836646
-0.8777759
-0.85835814
-0.7435583
-0.30649132
0.1550693
-0.2943946
-0.16472392
-0.08605439
0.82589257
-0.07825445
-0.07876961
-0.9539253
-0.7088405
-0.30791435
0.16318421
-0.4109258
-0.30623692
-0.10660703
-0.4500034
-0.035823565
-0.06736081
0.64881027
-0.1845758
0.48421618
0.0015542223
0.8115147
-0.5822045
0.063523896
0.6754629
0.6918278
-0.12760258
-0.66243076
0.19680843
0.6396895
0.5570659
0.07125389
0.8549419
-0.09087814
0.5611793
0.13309053
0.9236477
-0.8700828
0.4904616
0.3329263
0.67984945
-0.66526777
0.12640798
-0.21159597
0.12501939
-0.9550779
-0.15482505
-0.18032148
0.09355236
0.088281855
-0.5265807
0.84915805
-0.52530366
0.70388234
-0.88197005
-0.95006824
-0.58446336
0.0375159
0.37593397
0.8060628
-0.1905793
0.5766003
0.62087303
0.86576486
0.2723202
0.4902976
-0.09273683
0.8696392
0.49166155
0.76804775
-0.078174196
-0.6364233
-0.3872962
0.6362633
0.79212874
0.97841984
-0.8840989
-0.3349099
-0.17120597
0.7073484
-0.38615838
0.21315773
0.7286382
-0.41980207
-0.2413702
0.16968803
0.30499935
-0.2114284
0.20077442
0.6601259
-0.80085695
0.99291503
-0.8561008
-0.71741146
-0.93601006
-0.20022991
-0.73163116
0.21553947
0.9631813
-0.92755955
0.66766125
0.16070737
0.10588523
-0.0050776685
-0.4835851
0.26509497
0.22992729
-0.176131
0.0061373664
0.17782578
0.41010103
0.7950744
0.25732088
0.778929
-0.2257202
0.5967741
0.4591707
-0.6803961
0.7751793
-0.5717713
-0.54961115
-0.1931965
-0.83514076
-0.13003057
-0.16447368
0.9336455
-0.1999937
-0.33513376
0.007993545
0.9532484
0.54465157
0.51961505
0.7626935
0.33056533
-0.95421743
-0.85801333
-0.49825904
0.8874488
0.11363775
0.83199286
-0.8070798
0.57640076
0.8258518
0.05055666
-0.8612308
-0.70674926
-0.8918332
0.5414929
-0.6446417
0.009938164
0.9813569
0.703102
0.1972534
-0.20615366
0.9286736
0.87631655
-0.13099988
0.7589503
0.26947352
0.1945798
0.88263667
-0.81456095
-0.9430818
-0.93663317
-0.056512583
0.08471499
0.776581
-0.22846961
0.8234147
-0.0074758753
-0.46027046
0.76520914
0.8197182
-0.15201563
-0.0065011047
0.8079324
0.38887006
0.70207983
0.3290337
-0.6157712
-0.09234204
-0.28643858
-0.29778904
-0.09086304
-0.030067611
0.00012094264
0.2785722
0.59586525
0.94156504
-0.73932326
0.8156183
-0.64595497
0.8260296
-0.62353045
-0.38382795
0.7947271
-0.77428526
-0.95941037
0.8374598
0.7682758
0.05601936
0.077181175
-0.29652926
-0.070100464
0.96761453
0.5508118
-0.21822575
-0.3104987
0.5108226
0.55765694
0.39058122
0.13523395
-0.79388154
0.7208465
0.22377545
0.18804315
0.20859738
-0.92017066
-0.83861697
-0.90222293
0.5201081
-0.8352934
0.05999784
-0.94539833
-0.8378303
-0.73550886
-0.5000202
0.7725727
0.7028974
-0.16089119
-0.053430524
-0.44875237
-0.6707213
-0.21880046
-0.6130714
-0.7884974
-0.44057885
0.30331886
-0.52439165
0.37221846
-0.5383377
-0.5622375
0.6053836
-0.45474738
-0.7619548
0.96717834
-0.3203525
-0.64350206
0.22185507
-0.25651988
-0.013786852
0.38277215
0.937133
-0.7872554
-0.96411467
-0.7984514
-0.6002233
0.43032828
-0.98196054
-0.4019828
-0.26928052
0.2358685
-0.573615
-0.25094196
0.9437983
0.5255118
-0.11440216
-0.5427173
-0.553309
-0.25453502
-0.10299918
-0.28792298
0.38032776
0.005032629
0.4953336
-0.54211664
0.2653281
-0.4410676
0.40312812
0.41880387
0.7333512
-0.85980785
0.8445673
-0.07513144
0.15714037
-0.9777466
0.21721612
0.13526914
0.3633198
0.044821393
-0.93366605
0.465901
-0.32443765
-0.02203626
-0.2071422
0.14474514
-0.16070864
0.60644853
-0.016134212
-0.58147436
0.3258564
0.7494922
0.2379513
0.27306843
-0.44306514
-0.26977286
0.06953139
0.080799684
-0.73509365
-0.86530954
0.17636383
0.20280713
0.18145351
0.33691522
-0.42569524
0.5534758
0.43735272
-0.46293324
0.9500554
-0.06692433
0.7578563
0.51224846
0.29991052
-0.5645202
0.81249905
-0.54493195
-0.2084674
0.36743248
0.34514934
-0.5117583
0.9869686
0.5539384
0.4331825
0.11680239
-0.5034323
0.004127924
-0.62387383
0.2590563
-0.19197617
0.72074425
-0.8154756
0.5779278
-0.25650397
-0.07378811
-0.15968537
-0.4047681
-0.3652966
-0.4052857
0.17160654
0.37256953
-0.61552227
0.44826657
0.38768834
-0.9612697
-0.10402591
-0.58075714
0.64841104
0.32763302
0.18172595
0.41975817
0.35042197
0.32589686
-0.8771923
-0.27240065
-0.16533208
0.6691218
-0.5708266
-0.67709726
-0.5128848
0.76062864
0.99379313
0.89975524
0.18738587
-0.59362894
-0.93331933
-0.16975808
0.67521155
-0.71252483
-0.8207129
-0.7972364
0.09750655
0.82141864
0.10017304
-0.8688741
0.35376516
-0.98974735
-0.15484983
0.2581155
0.49133915
-0.796725
-0.8119047
-0.184122
-0.50532526
-0.24324724
-0.7095743
0.8698448
0.84403163
0.3323353
0.03206507
0.021272192
0.55663526
0.8166746
0.64246386
0.06291445
-0.10386331
0.9472565
-0.53064233
-0.05201799
0.6695696
-0.90196985
0.83045626
-0.14741854
0.614035
-0.6566705
0.72653234
-0.0072231037
-0.463879
0.16462292
-0.17461151
0.631718
0.90216005
0.08011751
-0.04583889
0.09395812
-0.1870767
-0.8353848
-0.56511813
-0.15639949
0.8496357
0.7926002
-0.79416126
0.09235335
0.56213605
-0.31090796
-0.28180125
-0.9433053
-0.47160757
0.84532595
-0.66812944
-0.42552564
-0.7121578
0.66660684
-0.44648132
-0.877637
0.8645978
0.5645608
-0.7350476
-0.63956946
-0.9019214
0.28852636
-0.6811147
-0.1017164
0.30969337
-0.4350553
0.23267831
0.71220547
-0.6236926
-0.9903842
0.7025093
-0.780391
0.6790802
-0.63386774
0.8344984
0.9345548
0.005979969
-0.66533643
-0.21708651
0.39287668
-0.023598313
0.92381394
-0.22734933
-0.55310744
0.52743137
-0.98409456
0.64369446
0.6135573
0.8344939
0.6025237
-0.896327
0.518701
-0.60062605
0.3629324
-0.31809703
0.8251258
0.4336289
-0.41661906
-0.90355206
-0.9013449
0.8426209
-0.78245455
0.49516314
-0.81097436
-0.082009606
0.35914096
0.652814
0.49853995
0.4451293
-0.8672699
-0.96991986
0.74903107
-0.40488732
0.94501245
0.6723271
0.26220533
0.80047965
0.4219266
-0.29224214
-0.1277578
0.13055854
-0.65565395
0.7033044
-0.0004903321
0.123689465
0.73902154
-0.42010394
0.46222228
-0.33183298
-0.17208506
-0.5315925
-0.15916964
-0.79150313
-0.26414442
0.9348096
-0.6765029
-0.38029358
0.71287465
0.10850932
-0.39257902
-0.068071544
-0.44854012
-0.2783666
0.18503569
0.6543261
-0.5858064
0.21139245
-0.86867124
-0.08667717
0.7669214
0.5742689
-0.8351654
-0.22372061
0.8134762
0.823718
-0.49403334
-0.73988014
0.9236456
-0.6102033
0.58874154
0.45147553
0.23787951
-0.7666312
-0.46087968
-0.46717367
0.496994
-0.96477574
0.92907757
0.37971842
0.34615138
-0.12745972
0.24005163
-0.22709739
-0.864014
0.7057237
0.20777608
-0.91919875
-0.8957534
0.083019085
0.8808513
-0.047661625
0.24692152
-0.75852585
-0.08819536
0.03817244
0.053665176
-0.3963989
0.42959422
0.48980147
0.764058
-0.21268906
0.54719937
-0.9059131
0.16652347
-0.55685276
-0.78480726
0.62308395
0.5761892
-0.22635552
-0.8107709
0.1409469
-0.97851044
0.9508027
-0.60473293
-0.2404309
0.015556148
0.7577395
-0.5235127
-0.51198995
-0.84864354
0.7260836
0.8918095
0.76899874
-0.47211078
-0.058322955
-0.03373395
0.6363046
-0.80592334
-0.33725002
0.21086045
-0.009629999
0.4591619
0.3355918
0.14278504
-0.6959178
0.7229265
-0.17725565
0.50187266
-0.5530832
-0.34198818
0.51320714
-0.6072646
0.8142881
0.52700746
0.8489165
0.48759574
-0.7399929
0.41002917
0.8168211
-0.68190706
-0.39570442
0.37741396
-0.55505574
0.43674853
0.67216766
0.81959015
0.9567418
0.50426745
0.20203777
-0.35448465
-0.5763793
0.9865014
0.8606918
-0.4178413
-0.3956897
-0.5829446
0.23788004
0.1685363
-0.6773375
-0.7439161
-0.48803073
0.44018877
0.09776041
-0.77789164
-0.59177995
0.9482634
0.9678102
0.2708227
0.16732317
-0.6566392
0.008287551
0.5259782
0.13757819
-0.5873431
0.20619799
0.36551318
-0.46462148
0.8919265
0.6721612
-0.39863992
-0.40440255
-0.7011247
-0.3554369
0.80138725
-0.22265086
0.3981068
-0.22665364
-0.5410974
0.46804303
-0.60816294
-0.23540759
-0.4282419
0.22677764
0.08612614
0.7898443
-0.07708712
-0.75434196
-0.11625581
-0.4841423
-0.11105232
0.2014179
-0.5828063
0.7405878
0.8703986
-0.04004373
0.048131682
0.587152
-0.69293195
-0.55851144
-0.87852174
0.9824654
-0.7315675
-0.57179093
0.114911266
-0.24937193
0.017886331
-0.84745806
0.05098903
0.17784153
0.61873776
-0.17590417
-0.08065149
0.45066547
-0.92309546
-0.2545351
-0.15128638
0.9732755
-0.2070533
0.81440693
0.6841709
-0.056276765
-0.001582665
-0.110666536
-0.09584619
-0.13023908
-0.9515455
0.2498965
-0.23524466
-0.9380169
-0.54255474
-0.4616596
0.78700036
-0.7244593
0.15943658
-0.3024019
-0.6240576
0.54023284
0.1874773
0.014261753
0.14830466
0.18614762
0.25482672
-0.79045564
-0.43796828
0.28155756
0.91356856
-0.7274165
-0.6879944
-0.84684646
0.2745847
-0.5608577
0.37683618
-0.41718388
-0.77615535
-0.04662873
0.97064465
0.32995713
-0.35589662
-0.90636206
0.8908997
-0.10133989
0.29659584
0.20158474
-0.5940239
-0.95197344
0.6150817
-0.38628295
-0.8931239
0.03474398
-0.5656278
-0.39345822
-0.7758369
-0.45672804
0.051717963
0.36732772
-0.46444446
-0.74094236
-0.22677927
0.06372089
0.21988912
-0.7867112
-0.636492
0.86612827
0.73787993
-0.6966484
0.35725105
-0.77226
0.18926787
-0.7904722
-0.9352027
0.3146759
-0.6649964
0.6722801
0.6556179
0.181539
0.4908268
0.8650165
-0.509112
0.5896202
-0.7453467
-0.9702719
0.9780194
0.24256788
0.50884014
0.12786746
-0.7198729
0.51729554
-0.12794217
0.89059186
0.32488033
0.5819126
-0.37743694
0.9803809
0.96196437
-0.7965717
0.72816247
0.5861726
-0.24289283
-0.6087986
-0.64721763
0.34810466
0.47310698
-0.30509597
-0.85757226
-0.87553114
0.94105214
0.75294125
-0.3242637
0.532338
-0.69518554
-0.06041418
-0.73512244
0.5677384
-0.16866039
0.70243007
0.8994688
-0.13784362
0.6738665
0.60020804
-0.6871586
-0.95301193
0.9538838
0.86546767
0.15223143
-0.5233606
-0.024781102
-0.5849543
-0.97234935
0.5118004
0.65798855
-0.5580208
-0.6074737
0.5550863
0.93877745
0.38818258
-0.2792262
0.0006407768
-0.4983415
-0.17953545
0.99514437
0.756293
-0.45709056
0.113832995
0.02054081
0.5736265
0.50049824
0.07234041
0.50570226
-0.10590305
-0.08793527
-0.33113033
-0.5704138
0.37688643
0.8658342
-0.9706299
0.26610687
0.11397571
-0.116444126
-0.22520822
-0.39181843
0.8014588
-0.41935962
-0.1702687
-0.89262867
0.4933923
-0.31885016
-0.8555747
0.6092826
0.45248067
0.17315467
-0.56102747
0.53306746
0.61858463
0.7971653
0.15587771
-0.4363131
-0.30844277
0.89401
0.9754202
0.8898284
0.39217156
0.3682626
0.1064811
-0.8381649
0.654478
-0.34832767
-0.9021114
0.70681643
0.6393971
-0.52513087
-0.57767373
0.70542365
-0.71701473
-0.15651053
-0.89409477
-0.90996796
0.29137945
-0.78483164
0.21019976
-0.25144535
-0.26996467
-0.2845534
0.26459238
0.59262824
-0.5197329
-0.8140945
0.62066543
0.5040792
-0.09879414
0.3166363
0.6568851
-0.17963625
-0.9844269
0.054377116
0.5943879
0.039294474
0.04652643
0.13099699
0.51358676
0.34914833
0.5674238
0.2918279
-0.33224565
-0.37381047
-0.43560976
-0.3001683
-0.10281012
0.8229851
0.91584635
-0.8024141
-0.7683233
0.31136188
-0.3402041
-0.5953626
-0.05338969
0.09765761
0.7032956
0.8631513
-0.11037108
-0.9432783
0.4790374
-0.89925176
-0.15926315
0.0908132
-0.95752007
0.24605745
-0.94988513
-0.17755406
0.84522545
-0.64681333
0.6408484
-0.95674574
0.9505187
-0.6444043
-0.73623496
-0.0870674
0.72070193
-0.44758976
0.3062921
0.55680215
-0.2508683
-0.79911494
0.8034605
0.65843153
-0.7468266
-0.12991506
0.6872621
0.8680256
0.8098631
-0.2793989
0.7840986
0.02721079
0.56584024
-0.83369344
-0.56439006
0.1839194
-0.9072234
-0.5059929
-0.23698777
0.37151718
-0.024085958
-0.5928035
-0.37345138
0.41370717
0.29472196
-0.8000921
-0.4934583
-0.5765113
-0.21167806
0.82216054
-0.51990616
-0.73101336
-0.94400364
-0.73026055
-0.065082684
-0.78702796
-0.60737616
0.423988
0.50207204
-0.99325466
0.83514917
-0.3846985
-0.1790943
0.42551434
-0.031782016
0.27919582
-0.7835923
-0.6280943
-0.23872703
-0.33431357
-0.92302513
0.5457763
-0.9271418
-0.25399524
-0.83142406
0.72657776
-0.89589775
0.28165567
0.6764402
-0.10664958
0.15214448
0.9081698
0.22986247
0.36262235
-0.25275
0.8181042
-0.47573733
-0.4443869
0.04266628
-0.29315045
0.46608245
-0.17676215
-0.99380356
0.13563381
0.81184316
0.994882
-0.7239361
-0.24399403
-0.77652186
0.88554835
-0.072291136
0.98239625
0.2597618
-0.89690477
0.5668903
-0.41622272
0.6075505
-0.2592306
0.93359566
-0.16833165
0.6797838
-0.028104512
-0.84378296
-0.84328943
0.47817203
0.4685454
-0.19681557
-0.8608583
-0.405092
0.4308114
-0.8309458
-0.32845625
-0.3597152
-0.82140714
-0.08831356
0.175511
-0.6697048
0.42738885
0.35915807
0.023245968
-0.26308748
-0.04939658
-0.7114542
-0.2676814
0.2723679
-0.12163468
-0.18950129
-0.06779248
-0.24552703
0.2095147
-0.96629256
0.2548961
0.27173078
-0.19808783
-0.81033105
0.2573225
0.0010350635
-0.22885166
0.008055594
-0.17787482
-0.794949
0.25202486
-0.9089373
-0.65927136
0.88601744
-0.10745496
0.55996555
-0.62016606
-0.56334424
0.6981084
0.054814056
-0.86865157
0.12649715
-0.43259868
-0.73709196
-0.188099
0.39922315
0.2515372
0.817376
0.82259595
-0.9742406
0.56853837
0.8139792
0.99317396
0.112053104
-0.4917
0.51928914
-0.74746
0.11325245
0.5398036
-0.3794282
-0.29104015
-0.19341542
-0.50326705
0.16008566
0.22477402
-0.50339174
-0.6888562
0.071312815
-0.25854635
-0.8045114
0.014409351
-0.33383462
0.98955125
-0.9743686
-0.3835896
-0.12680583
-0.2972615
-0.9058589
0.60452867
0.90155834
-0.6700904
-0.06683027
-0.16749671
0.46690843
0.09686948
0.76438457
-0.68027866
-0.2968973
-0.93290895
-0.5789656
0.18354048
-0.32410195
-0.94089097
0.3961283
0.051518846
-0.8188669
-0.44058502
-0.10664641
0.88526016
-0.62601846
0.8629355
-0.26794484
0.6690074
-0.7499403
0.76351774
0.13724802
0.9525533
0.62738454
-0.47259298
-0.7479627
-0.5075897
0.558093
-0.35512617
-0.8453037
-0.25394264
-0.9761151
-0.86718136
-0.44398633
-0.253995
0.7595588
0.880208
-0.13025965
0.32119262
-0.60622364
-0.27036917
0.22959836
-0.013562422
0.5756115
0.5805963
-0.74364424
0.9288569
0.31892776
-0.20311262
-0.36007714
-0.15184638
0.17520252
0.6234983
0.9948985
-0.5846528
-0.74854195
-0.15841427
-0.027265092
-0.2112176
-0.75837666
0.779776
-0.5806818
-0.039236452
0.030724049
-0.67577213
-0.10634264
-0.58238035
-0.7112979
-0.5935114
0.045843754
0.29674917
-0.4073978
0.87519485
0.16150752
0.86940455
-0.533369
0.7254434
-0.1866522
-0.32131338
0.46451086
0.9057042
-0.83275396
-0.74979085
-0.943624
-0.8384733
0.05219388
0.5729387
-0.7596141
-0.90784305
0.745806
0.29295245
-0.66765237
-0.27265638
-0.26392686
-0.9323449
0.665933
-0.11399928
-0.25070328
0.679433
-0.67486703
-0.7893007
0.053361595
0.40764976
-0.71491283
-0.7631473
-0.83055556
0.28077936
-0.70778906
0.37375855
0.881942
-0.0354648
-0.36079207
-0.6708058
0.8490865
-0.88510203
-0.44069886
-0.8224448
0.12938838
0.001505264
-0.63791287
0.14676873
-0.9608695
0.63177216
-0.69721454
0.60804725
-0.33554244
-0.5130134
-0.5792344
-0.3677377
-0.21038917
0.22830996
0.33810538
-0.885588
-0.9672481
-0.82974607
0.79695517
0.0922858
-0.6846496
0.28885588
0.5350235
0.67220163
0.1162274
0.21052781
0.1277399
-0.279986
-0.98914784
0.28271028
0.15466972
-0.7464841
-0.5497477
0.21718752
-0.31085795
-0.08566148
-0.12402499
-0.5101447
0.61865616
0.63889694
-0.56746787
-0.381527
0.38997585
-0.039456356
-0.9227768
0.2115559
0.93536717
0.9555671
0.46396565
-0.09275997
0.2752661
0.45268524
-0.46383244
0.14298078
0.07998047
-0.06919798
0.8472568
-0.21850422
0.318598
0.56322503
0.63436264
-0.4296787
-0.20853926
0.6187097
0.6377121
0.9563429
0.6072358
-0.5325811
0.7573624
0.31218815
-0.5765859
-0.90549994
0.3075168
-0.8009123
-0.5071369
0.40922505
-0.9406412
0.6177987
-0.66511995
-0.22220747
-0.34768304
-0.44894898
-0.7586051
-0.044933397
-0.34321633
0.604216
0.71161747
0.58514965
0.41938585
0.24365655
-0.32440594
-0.40504953
-0.9135995
0.69738024
-0.77576756
-0.051540017
0.7257768
-0.61257935
0.11683096
0.35367817
0.5043261
-0.46153164
-0.34461573
-0.24687004
-0.17403522
-0.16421863
0.45246938
-0.44010556
-0.21981482
0.3007976
0.22055754
-0.22098085
-0.43523806
0.54514396
-0.08168909
-0.4594168
0.3944518
0.60281265
-0.097785905
-0.7680086
-0.2206105
-0.64787173
0.83846986
-0.9226413
0.45010832
-0.24313441
0.3473804
-0.07150915
-0.15092573
-0.49262848
0.095112205
0.77228737
-0.082059264
0.09504646
-0.27531707
-0.2585923
-0.15339261
0.005185306
0.0684866
-0.682709
-0.7937448
0.27811745
0.5718442
-0.56200683
-0.13815483
0.5251341
0.6483047
0.20735124
0.06978142
-0.036972404
0.328417
0.0077795386
-0.3074734
0.6729191
0.2462435
0.23389882
0.19973928
0.43568492
-0.04908228
-0.29671937
-0.3242632
-0.47093353
-0.4718148
0.024846107
0.34171197
0.047724247
0.11315784
-0.36643523
-0.84036237
-0.15568024
0.23508963
-0.39485985
-0.6558445
1.140938
-0.48144785
0.2872143
-0.010081239
0.042751938
0.004805237
-0.16120388
-0.27492374
0.14869681
0.2718616
0.93085665
0.17790657
-0.35045198
0.7149694
0.77282083
-0.45070314
-0.24533758
-0.11937767
0.29682884
-0.23955494
-0.50217116
-0.010210991
0.78879917
0.23499826
0.09309548
-0.36954254
0.35699967
0.20713061
-0.117883354
0.2454091
0.17190441
0.6085419
0.5058565
-0.38156033
