0.37356377
-0.4020695
-0.550902
-0.77523625
0.18215299
0.54727376
0.7992216
-0.15012008
-0.6976155
-0.36735243
-0.10631202
-0.76210535
0.6996248
0.71057653
-0.97284955
0.24764249
0.58292854
0.35787612
-0.68024516
-0.15504721
0.12512767
-0.7454171
0.21755522
-0.2353099
-0.56292903
-0.074635
0.024971753
0.52451175
-0.51007104
-0.4556507
0.091589145
0.3981824
0.13996728
-0.041397445
0.21462531
-0.30165395
0.62854207
-0.23086938
-0.62031335
-0.17708598
-0.01936689
-0.33912295
-0.374762
0.5879405
0.18756296
0.08748385
-0.46309546
-0.54505074
0.22099337
0.36887532
-0.13071845
0.41612014
-0.6974458
1.0322475
0.29715845
-0.3324594
0.24551642
-0.24151725
0.9606183
-0.83349466
0.49122798
-0.024929538
0.39862818
-0.6052737
0.41073665
-0.15666512
0.57464933
-0.39438424
-1.06833
0.512653
-0.56861866
0.7036751
0.26067644
0.057676107
-0.23950587
0.4207397
0.41591492
-0.6935738
0.52512836
0.072611496
-0.42438394
0.6492846
-0.18710265
-0.94789124
0.72926533
0.10333504
-0.06098497
-0.89028996
0.6126503
-0.6271618
0.018948615
0.38856506
0.88509256
-0.8837912
0.52788365
0.084316105
0.3904058
0.45302877
0.5666293
-0.4488819
0.07945095
0.6159892
0.86227554
-0.49936938
-0.57589865
0.47979248
0.7449732
-0.2087491
0.35293314
0.21069807
0.5374533
0.7962881
-0.4351493
-0.45577306
-0.26680136
-0.70900273
-0.90705335
-0.7592781
0.066762745
0.61332554
0.534341
-0.41817883
-0.4391743
-0.24353164
0.28551465
0.2831428
0.5553272
0.6903775
-0.7003972
0.6418967
-0.7101469
0.1603835
0.54069185
0.45192197
0.34263673
0.3116423
0.8762551
0.37244517
-0.059542596
0.03240195
0.46638775
0.6203605
0.47436932
0.0022185147
0.6728283
0.67810774
0.17045285
-0.18583927
1.0912232
0.2026814
0.6224704
0.3928673
0.20999396
-0.65298605
0.63524413
-0.40424302
0.33015808
-1.0241052
-0.2627359
-0.18715519
0.21528664
-0.10304496
0.50458956
-0.59135634
0.01891534
-0.85506356
-0.6329253
0.4144915
0.68948567
-0.09854725
0.203839
0.7093538
0.35153997
0.040700585
-0.6690638
-0.13042891
-0.21084088
-1.1932364
0.18312818
-0.6969646
0.13143498
-0.029208794
0.81850183
-0.22796753
-0.06127855
-0.4360113
0.49278685
0.82417095
-0.15148553
0.5500553
-0.20870578
-0.6165345
0.29137367
0.10986547
0.6514214
-0.5048208
-0.097703844
-0.06283292
-0.81223875
0.7150452
0.45032248
-0.95749474
-0.24722485
-0.23319232
-0.75138474
-0.067534715
-0.03638895
-1.1074636
-0.43017566
-0.13637397
0.84376276
0.67780405
0.1946134
0.1367595
0.34904623
-0.47077936
0.2477918
0.20119539
-0.16010717
0.111089826
0.026769608
0.029611468
-0.93923527
-0.33612743
0.027942508
0.6878761
-0.38049254
0.23199722
0.05110076
0.7521497
-0.27387002
0.48088405
-0.14148566
0.76182663
0.06591502
0.18881029
-0.013748854
0.07431093
-0.27878162
-0.38110098
0.038788587
0.46077013
0.020925373
-0.42261976
0.48169953
0.74778765
0.470173
0.0761417
0.07862952
0.059990138
0.036813974
-0.49001986
-0.7197194
0.20028754
-0.3660715
-0.2394248
0.5993843
0.3196594
0.73133004
0.037906975
0.23633692
-0.81782603
-0.20906067
-0.24237129
-0.1597758
0.2746064
-0.14193046
0.62803924
-0.44581696
-0.2975312
-0.54800904
-0.27775037
0.2600583
0.37408736
-0.6820526
-0.38289183
-0.5207596
0.8365216
0.34259072
-0.016428769
0.47665107
-0.5891882
0.71809006
0.4288035
-0.9575671
-0.5380149
0.33442983
0.49176532
-0.5296191
0.76626706
-0.24628106
-0.8962465
-0.4627306
0.20468622
0.5328897
0.722381
0.10619873
0.5844008
0.8714495
-0.58111113
-0.67692137
0.046260715
-1.0467932
0.33055198
-0.95032084
0.402474
-0.84173965
0.34531057
0.5981669
-0.3726042
0.7864429
-0.87486064
-0.22362205
0.3396998
0.6870531
-0.30326328
-0.104994364
-0.13514078
0.10323954
0.67167157
-0.15474775
0.26789576
-0.053587988
-0.6077801
0.15400243
0.5894712
-0.39712226
0.43565395
0.022686526
-0.45349675
0.75216997
-0.14198619
-0.64214265
0.36282778
-0.41920167
-0.41972697
-0.7856351
0.91837096
0.30104443
0.20385768
0.22628945
-0.4844807
-0.67234427
0.5297402
0.6389029
0.603277
0.37611753
0.16706377
-0.23209709
-0.76306534
0.21985555
-0.55991536
-0.45043486
0.7057747
0.34680915
0.7144022
-0.9312625
0.6309842
-0.81816244
-0.72703576
0.6608794
-0.45550963
-0.073292986
-0.67203397
-0.14617974
0.073920414
-0.5127144
0.24761185
-0.71435606
-0.45825648
0.12863788
0.7216703
0.35587853
-0.5325004
-0.5685209
0.51447594
-0.67614645
-0.9493892
-0.18728825
-0.572215
0.32070985
-0.17462817
-0.572718
0.68412024
0.71897554
-0.44086578
0.26705363
0.15930477
1.1323781
0.7300578
-0.73755497
-0.3721072
-0.30586028
0.25473773
-0.53486943
-0.6740225
-0.18898022
-0.610688
-0.43421516
-0.48497343
0.03211263
0.34781256
-0.6839766
0.5491697
-0.5723775
0.7336802
0.6357771
0.08921909
-0.7641711
0.04003264
-0.9543437
-0.43725133
0.12379789
0.9428147
-0.20405284
0.1464003
0.56532145
-0.23834768
0.006971836
-0.39641255
-0.41759074
-0.33614445
0.905632
-0.18991882
0.4230194
0.31896967
0.080344364
-0.36495644
-0.20922944
-0.5198139
0.089242846
0.12642273
-0.89354813
-0.07388547
-0.6448326
-0.08551538
-1.1021805
-0.67408615
0.3881446
0.23824723
0.6897691
0.40857193
-0.7081741
-0.21985099
0.062283233
0.2099406
0.5086509
-0.6066222
-0.35420474
0.11482784
-0.68103147
-0.6174028
-0.25324756
-0.28953007
-0.67412364
-0.17343587
0.084503315
-0.0100339055
0.44848904
0.065101564
0.43640345
0.98116946
-0.0031449273
-0.050245553
0.7723946
-0.30439594
-0.37035754
-0.28373113
-0.2941685
-0.42598647
0.2926011
-0.6883415
0.4219054
-0.8851704
-0.15412107
-0.6361244
0.5384196
-0.7543043
0.039014444
0.6079626
-0.8407899
-0.7891348
-0.5765151
-0.5534253
0.530015
-0.46944422
-0.5936309
0.6957103
0.23584872
0.263724
-0.5823801
0.5207197
0.6992893
-0.3456309
-0.17109522
0.68210626
-0.6668838
0.5453334
0.69185305
0.81281865
-0.9645661
0.7940124
0.40536675
-0.15886782
0.26093057
0.69781625
0.15128127
0.49703035
-0.5784297
-0.5390645
0.40302393
-0.28046823
-0.29411238
-0.8841641
-0.9127865
-0.71116805
-0.29187492
-0.5971407
-0.5865874
-0.42916152
0.39574662
0.08915962
-0.5435369
0.5089071
0.7083384
-0.16265295
0.8328922
0.10202591
-0.07463023
0.046045095
0.7360934
0.13807654
0.3398656
-0.1551634
-0.3376742
-0.6797563
-0.017664537
-0.7914076
-0.7516664
-0.100577325
0.20179072
0.04295279
0.4589257
0.2539901
-0.41858098
0.65905046
0.32227704
0.003549844
0.17763072
-0.07568666
-0.90425265
-0.40257558
-0.39605016
0.21856092
0.5479874
-0.5380305
0.52365935
-0.4544551
0.07532853
0.07762005
0.18349248
0.16676225
0.76738715
0.17868063
0.37108415
-0.30622506
-0.75924784
0.34604177
-0.75136936
-0.13667
0.3955199
0.6798409
-0.3033948
0.027067572
-0.5663036
0.2800665
0.39469305
-0.64148104
0.0071463883
-0.46041256
0.6591906
0.4604604
0.10626426
-0.2534496
-1.0196803
-0.2188448
0.72228324
-0.064899
0.51394373
-1.0514022
-0.54388714
0.51160383
-0.3368079
0.84833384
0.066887386
-0.114674136
0.19370902
-0.9025631
0.8376672
-0.33542627
-0.14401941
-0.64414287
-0.27191883
0.5030941
0.07616311
-0.6905359
-0.6791921
-0.4078868
0.22532105
-0.4459139
-0.5075104
-0.8888072
-0.13416687
0.39195186
-0.18374604
0.3318722
1.0006224
0.4962494
-0.48039404
0.89260644
-0.018648773
0.6018803
0.77040505
0.4352041
-0.21227577
0.8979751
-0.26550433
0.24969447
0.586481
-0.04189711
-0.42905685
0.203996
0.65046895
0.045522958
0.17721336
0.43015486
-0.52150786
0.41766772
0.30911285
0.64056534
-0.26099858
-0.52976346
0.500038
-0.8790137
-0.6263894
0.22020325
0.3584231
0.12842691
0.5206766
-0.6924726
-0.35301736
0.9043137
-0.08468585
-0.4009092
-0.3550525
-0.36205393
0.119469106
-0.28707975
0.13252933
0.78520393
-0.850212
-0.0063343495
-0.3151899
0.12536794
-0.6436515
-0.012405351
-0.14864603
0.18530071
0.78643364
0.0043255985
-0.70278424
0.571226
0.5843415
0.33732128
0.78462934
-1.0551183
-0.31268543
0.7470275
-0.7563688
-0.21760173
-0.41516933
0.37780488
-0.8963999
-0.0076968223
1.0756748
0.18720895
-0.43890756
0.11109647
-0.4580787
-0.33757192
-0.2906753
-0.20208633
0.7332843
0.426108
-0.40883413
-0.39837652
-0.42907926
-0.15952197
0.4043079
0.6896832
-0.22056213
-0.22098708
-0.43959677
-0.36780617
-0.5379354
0.6670369
-0.6286634
-0.18765303
0.15294527
-0.1181415
0.28246576
-0.28565082
0.42535293
0.38660738
-0.018021807
-0.53555894
0.6411091
0.15001673
0.58134943
1.101238
0.40629062
-0.46325
-0.25033182
0.4616464
-0.11882067
-0.54372203
0.67896307
-0.89486206
-0.66057634
0.21173546
-0.30170187
0.16793372
-0.8747735
-0.49329776
0.040162027
-0.5389604
-0.21613197
-0.015411377
0.31457523
-0.5639126
-0.80832064
-0.14644334
0.53395724
0.5039047
-0.35129648
-0.3618675
0.7466245
0.14724028
0.46820873
-0.44191045
0.31458637
-1.0466685
0.19378163
0.58739305
0.44699624
-0.40151912
0.49253044
-0.7111259
0.26686314
-0.46474597
0.09233609
-0.08179116
1.0805935
0.86667943
0.2616043
-0.79582787
0.33221695
-0.25645167
-0.323543
0.41594526
0.06822954
-0.93038917
-0.7711177
0.7443405
0.3028412
0.041642547
-0.88312685
-0.25871655
-0.4943265
0.3006161
-1.011396
-0.0066208392
-0.07353088
0.36913496
1.0695707
-0.40423152
-0.1904123
-0.23005444
-0.49073255
0.92473966
-1.0728505
0.28714892
-0.58753264
0.66123796
0.24195275
-0.017174244
-0.94800436
0.3639217
-0.20292947
-0.6254716
-0.92602986
-0.092926145
0.40962356
0.03560248
0.3560515
-0.37689504
-0.43398875
0.6885893
0.50252104
-0.6924692
0.4334011
-0.008660167
-0.18020105
0.21445745
0.011403501
-0.7082696
0.052016377
-0.4958032
-0.051170364
0.42188665
-0.17029461
-0.6946902
0.052013196
-0.78480387
0.66407895
0.4892265
-0.12263286
-0.26110658
0.4065702
0.15720256
0.16464257
0.300154
-0.8242763
0.9597986
-0.22599998
-0.5179701
0.098420575
0.065216586
0.44259644
-0.097574115
-0.65175617
0.0029751658
-0.38489413
-0.3742121
-0.23226468
-0.23585568
0.6521808
0.15596831
-0.3290505
0.15404984
-0.33265215
-0.47386423
-0.5831783
0.33401698
-0.13976756
0.29752314
0.12559542
-0.85472226
-0.27636215
-0.039771765
-0.57477874
0.75372887
0.056673557
0.029845119
0.50977015
0.25867504
-0.6509549
0.7423909
0.59993947
-0.15461293
-0.063902825
-0.1863372
0.09745584
0.59544927
0.5700302
-0.3123776
0.5969677
-0.7297207
-0.46424356
0.73553777
-0.5238963
0.9567369
-0.5429901
0.36215127
-0.09124407
-0.7609054
0.84019166
-0.25846553
-0.29891562
0.39108747
0.13775189
0.47838876
-0.6116971
0.6213293
0.49351677
0.8153857
0.9911791
-0.9063961
0.46934193
0.7518616
-0.75847554
0.684319
0.555236
-0.123301804
0.067038685
0.35488212
-0.089574635
0.50622433
-0.27277035
-0.13206896
-0.2683716
-0.7155229
-0.6008859
0.25673458
-0.20123702
-0.19129118
-0.045402467
-0.4093993
0.21851096
-0.013927847
0.21215653
-0.27947143
-0.112079054
0.2628073
-0.45465758
0.713802
-0.33255687
0.0016210824
-0.6318608
-0.09129019
0.69999444
-0.5835159
0.23665377
0.20026353
0.5110683
0.9323267
-0.2694806
-0.49202868
0.5614781
0.7866689
0.51519454
-0.3168166
0.835188
-0.24413434
-0.9481704
0.43289253
-0.053297162
0.8996953
0.73957783
-0.059950612
-0.16339779
0.5280605
0.17332368
0.4930165
0.08703965
-0.6535312
-0.3601948
0.062332228
-0.11535413
0.28138763
-0.57936454
0.5577644
0.11199078
-0.19000438
0.65306485
-0.38019755
-0.53196275
0.14875942
-0.8139843
0.5989177
0.024400324
-0.4707626
-0.34006393
-0.21902578
-0.049469396
-0.092610925
0.7421269
-0.47048324
-0.7540135
0.2953782
0.9714211
-0.25746536
-0.11114493
0.7736521
-0.82831705
0.84187716
-0.26090592
0.95901847
-0.12943187
0.41882962
-0.7720546
-0.660963
-0.35824856
-0.20166025
0.012740493
-0.5423142
-0.18542475
-0.27254158
-0.31442684
0.05087161
-0.7308484
-0.5973805
0.07044007
-0.70416534
-0.5214716
-0.35851285
-0.30272037
-0.2581794
-0.7110698
-0.6209374
-0.265301
0.46559045
-0.10628632
0.21155947
0.04587078
0.1955904
-0.40640122
-0.5946547
0.6444239
0.4919247
-1.0083055
0.18732104
0.06477589
-0.2652651
-0.10171192
0.84352326
0.27704412
0.6032688
-0.5443441
0.8959469
0.52055
0.6286372
-0.51633954
-0.37148383
0.92158
0.23762457
0.08293083
-0.7619586
-0.09608039
-0.31870404
0.00574328
-0.12392252
-0.03876652
-0.19489586
-0.60067725
-0.38425365
1.0891337
0.047284305
0.96664953
-0.14726597
-0.67297924
-0.400086
-0.4822511
-0.85689515
0.22042508
-0.45319495
-0.11033088
0.22187978
-0.45866928
0.14996517
-0.6495237
-0.958615
-0.85384095
-0.6548147
-1.1177372
0.07980214
0.64160746
-0.4305799
-0.25422728
0.29439208
0.6113528
-0.33625215
-0.7317021
0.26624453
0.70235395
-0.27671707
0.051368356
0.16101125
0.29872274
0.3599348
0.07921773
-0.53284657
0.22705802
-0.4617699
0.15785816
-0.7047299
-0.58397806
-0.7557697
0.44513348
0.9359871
0.28074166
0.101048164
0.3118548
0.88028693
0.5113596
0.29490957
-0.5660338
0.16822955
0.24883261
-0.42231384
-1.0085468
0.22623968
-0.073637426
0.31836557
-0.7206012
-0.52416587
-0.05616954
0.00013583899
0.76283324
0.17194846
0.6569227
-0.4004875
0.1760957
0.14911023
0.58303994
-0.84051996
-0.15236327
-0.7156072
-0.9161041
0.016530514
0.36009756
-0.5530072
0.13086742
0.7019803
-0.05995187
0.34024146
-0.17981878
-0.50085783
-0.7959805
0.10841033
-0.33959967
-0.018435508
-0.14695148
0.28011477
0.87087786
0.83480495
0.13504928
-0.20594168
0.47478607
0.6173522
0.6016059
-0.5731941
0.011823684
0.5066038
0.7402967
0.0044005215
-0.33365294
0.2429649
0.75601983
0.30317405
0.07491703
0.3765574
-0.3012535
0.41643316
-0.071315646
0.22806908
0.6535638
0.06362036
-0.22770736
-0.08751258
0.011928454
-0.26732123
-0.72562873
0.7652498
-0.89333975
0.6782946
-0.720555
0.2784225
-0.3471649
0.18966314
-0.5224837
-0.64764285
-0.09296656
0.4184616
0.13492572
0.010519132
0.5223681
0.41543728
-0.06787449
-1.0668439
0.3107044
-0.07866874
-0.3683734
0.6502815
0.52446926
-0.67583835
0.6626938
0.6689061
-0.22491896
0.63680923
-0.87387574
0.84416914
0.3785727
-0.0011545867
-0.81227005
0.17283733
-0.23021816
0.52289295
-0.08542614
-0.45674604
0.69467616
1.2184148
-0.20623668
-0.265281
0.067141235
-0.7666056
0.19163647
0.71635675
0.20730242
-0.49605143
0.10923004
-0.962992
0.11215612
0.25791824
-0.37412882
0.05542931
0.6050443
0.16285616
0.0030142218
-0.61227465
-0.10306761
-0.18646863
0.5624114
0.114848986
-0.93347263
0.8297962
0.11348593
-0.92154926
0.011552781
-0.4695307
1.0204806
0.74958384
-0.7843406
0.03015554
0.3512928
0.039467476
0.64898896
0.91037166
-0.7206025
0.49402082
0.7775614
0.63187146
0.45742756
0.014809117
0.7205876
0.27180648
0.6250341
0.07677914
0.93899137
0.36219776
0.576514
-0.4177609
0.3111712
-0.5799255
0.8306024
-0.46311158
0.10085033
-0.6458599
-0.09370789
0.28783342
-0.7176024
0.7322788
0.05354488
-0.7223431
-0.44618702
0.38565746
0.55092037
-0.10462755
0.32391044
0.6912173
-0.8954149
-0.050952747
0.5017919
0.20654064
0.65889114
0.14249986
0.033846796
0.15897231
-0.7164273
-0.1743895
0.4244149
0.26992983
0.7755511
-0.007738769
0.13005677
-0.25943744
0.3361062
0.8167909
1.0097095
-0.7812789
0.3160134
-0.70695436
-0.13756818
-0.04477316
-0.15604582
0.9470396
-0.63407594
-0.3605235
-0.318252
0.5813096
-0.5670621
0.4738011
-0.74491715
-0.53573966
-0.0012854785
0.5645241
-0.45787984
0.8125702
-0.3036809
-0.05496803
-0.6732302
0.53111285
-0.24017566
-0.23527023
0.658937
-0.4419349
0.30920464
0.62221754
-0.24753061
0.0761331
0.36879253
-0.9725157
-0.44278118
0.6747924
-0.30086046
-0.38793796
0.055653542
-0.035129756
0.30452994
0.48364192
0.32843986
0.4370327
0.7512351
0.008722611
-0.74719346
-0.357928
0.73926854
0.32422692
-0.75990963
0.66083527
-0.77966285
-0.18109392
0.22945476
-0.6575254
-0.31235006
-0.42098027
-0.70802385
-0.94102025
0.46154806
0.7249738
-0.82426226
0.48708758
-0.7419803
-1.0122572
0.122194275
0.62576795
0.29341298
-0.32611343
-0.07905367
0.58677906
-0.9575614
-0.20963264
0.69631225
-0.29111838
-0.12008259
0.29730305
-0.22014382
0.041384593
-0.47602156
-0.4861065
0.10772863
0.6152576
0.35072625
-0.61060774
-0.39718854
-0.05904776
0.41724935
0.15253478
0.5021373
-0.34370023
-0.39040786
0.35731086
0.5686687
-0.28402358
-0.27851957
-0.7746428
0.531138
-0.13856938
-0.0033172965
-0.07488093
-0.84861255
0.3958206
0.39528495
0.42632458
-0.24350679
-0.18967184
0.3740308
0.8933704
0.591745
-0.61552894
-0.64949536
0.24447921
-0.3567852
0.099327
0.21378349
0.76696014
0.4607827
0.75847125
-0.048499137
0.8325393
0.4844237
-0.411814
0.17994562
0.8421643
0.6505871
-0.03129208
0.46267933
-0.5627829
0.022622526
-0.3417998
-0.6691377
0.43872687
0.38294002
-0.54429114
-0.52910936
0.25352192
0.5216556
0.29403472
0.57786345
0.8308703
-1.0552536
-0.89987904
-0.20219296
-0.115207106
0.018534765
-0.6165812
-0.7734891
0.5478492
-0.8789011
-0.5579405
-0.5810358
-0.5318332
0.23489681
0.838445
-0.013624236
0.38028863
-0.27888793
0.83283997
-0.85230935
-0.002358839
-0.48268998
-0.30761644
-0.6026251
-0.77135444
-0.5390677
0.28209466
-0.3155019
0.08350593
0.3262888
0.5307594
-0.13596031
-0.19171795
-1.0180348
-0.17917691
-0.17361467
-0.3737995
0.04684621
0.5004288
-0.4464725
-0.6121259
-0.22317317
-0.7112368
-0.6380938
-0.044084385
0.89986324
-0.33675787
0.5622816
0.279942
0.20437819
-0.16244003
-0.32855186
0.8302796
-0.7048123
-0.39598265
-0.5050874
0.5207169
-0.40664372
-0.54150736
0.43112957
0.40001154
0.57147217
0.3138876
0.22579625
0.15065277
0.96839774
0.6319158
-0.33670345
0.8856174
-0.19978318
0.43241477
0.5671335
0.071149826
0.31591168
-0.9014531
0.28172883
-0.39954674
-0.95661354
0.47708657
-0.66956544
0.03576967
0.32354587
-0.22190768
-0.36853796
0.22971149
0.48290882
-0.060725883
0.07322824
0.0086529255
0.56073546
-0.39104503
-0.3080222
1.0001037
-0.25952795
-0.56882346
0.29324824
0.4430737
0.54565835
0.97983974
0.045461066
0.7922879
0.18532628
0.5415038
0.3939998
0.1483843
0.28128564
1.0006268
0.49063018
-0.40901908
0.6590897
-0.07397112
-0.38050893
-0.119313665
0.13409624
0.58911383
-0.080848366
0.57939374
0.42767054
0.8163258
0.65173405
-0.32615867
0.35978454
0.3467349
0.12336081
-0.36837947
-0.651831
0.51007617
-0.4674681
-0.41173416
0.55331284
0.8242321
0.7713781
0.42479074
-0.27479377
0.020481974
-0.009889349
0.64866763
-0.37264556
0.33847386
0.58618367
0.40441334
-1.0202131
-0.023751974
-0.15754342
0.29683188
0.5827531
-0.076683074
0.54973614
-0.39383584
0.4404481
0.7785945
-0.8554824
-0.7906871
0.61565423
0.42958438
0.1393228
0.29556066
-0.16848215
0.85701543
0.74220914
-0.16045871
0.20286545
-0.6938673
-0.2957413
-0.96100795
-0.44515702
-0.06169346
0.18008275
-0.50764155
-0.19563556
-0.8435743
0.84366083
0.5758158
1.0178072
0.1643394
-0.6037233
0.8830718
-0.00454773
0.194612
0.38344833
0.2461777
-0.3721948
0.37110794
0.9018483
0.9363484
-0.39519125
-0.78319
0.6990166
-0.574034
-0.18376316
-0.68736035
-0.14270467
-0.19576503
-0.3154257
0.23309603
-0.70104766
0.77200377
-0.15665242
0.07439303
0.62931764
-0.6009096
-0.4875668
0.815169
0.7727201
-0.13320556
-0.48712444
0.74072945
-0.8859755
-0.07699789
-0.18843693
-0.38075948
0.18933612
0.74480927
0.80693114
-0.97204125
-0.82301307
-0.13563153
-0.31576994
0.07064557
0.6443168
-0.8604765
-0.43137646
0.29013485
0.5191304
0.45105776
-0.6788237
-0.8483937
0.8968042
-0.17343107
-0.33987635
-1.0074145
-0.054594338
-0.03496524
0.38545817
-0.7622677
-0.08236721
-0.5169433
-0.15217243
0.26132822
0.37010032
0.06949636
-0.32646763
0.8185873
0.74405503
0.86041814
-0.92336714
0.628125
-0.53025424
-0.8553679
0.7538321
-0.44040647
0.37705272
-0.72980314
0.1187346
-0.075064786
-0.4552135
-0.6468621
0.28720647
-0.8164742
0.21455497
-0.32940993
0.85175973
-0.090349
-0.5092335
-0.20308788
-0.13475285
0.36637476
-0.038628243
0.70989573
-0.7643959
-0.55020064
-0.60762095
0.39669034
-0.11069472
0.99058586
0.7121714
0.89768535
-0.07791394
-0.4172197
0.33709392
0.7538585
0.58590126
-0.22641912
-0.20702296
-0.8468724
-0.41768304
-0.7219799
-0.44265556
0.49921373
0.46524736
0.41974658
-0.5906059
-0.075961046
-0.089445524
-0.26708078
0.03519085
0.2073736
-0.920762
-0.03387466
0.8465366
0.70808256
0.43650824
-0.46268886
-0.998145
0.9976397
0.53937644
0.11352738
0.51079136
-0.73443663
0.9544885
0.491553
-0.52855694
0.4895212
0.5957677
-0.6597484
-0.995812
-0.040542256
0.32635376
-0.35338095
0.9915218
0.96839553
-0.08852123
-0.24139935
-0.30037957
-0.41605687
0.80961555
-0.064812206
0.14331812
-0.8036691
0.6062276
-0.2899752
0.47506657
0.5165762
-0.24388254
-0.7282185
0.46603432
0.27940157
-0.16001263
-0.5562044
-0.025763702
0.6515704
-0.03589359
-0.76565903
-0.8880066
0.082153164
0.99554133
0.18189193
-0.27532545
-0.6022241
0.09606163
0.7951672
-0.13156311
0.48245436
-0.25113854
0.7581009
0.4541317
0.7276929
0.03365764
0.9302084
-0.019701477
-0.3106214
0.28061125
0.92115813
0.6297945
0.0979757
0.19295995
0.070680425
0.81987256
-0.9212067
0.60256904
0.32331604
0.1857262
-0.153778
0.7494818
-0.38944495
-0.32814905
-0.96148133
-0.26629505
0.19500196
-0.17395161
0.5484916
0.6307515
-0.82291734
-0.7553611
-0.23847878
-0.39380333
0.68930155
0.17882536
0.31482744
-0.75995916
0.09780537
0.60081935
0.97952574
0.16442983
0.74367267
0.57592106
0.5193881
0.17244208
-0.7006379
-0.8062522
0.9935314
0.17848268
0.15359843
0.024261596
0.63962823
0.47649464
-0.7345227
0.08271978
0.42692262
0.64205205
-0.7254614
0.11657844
0.80784696
0.15316112
0.86688787
-0.7794826
-0.46082082
0.2906522
-0.90067124
-0.8060777
0.35111663
0.10357727
-0.19861923
0.29440185
0.2673828
0.9083882
0.18494318
-0.93793046
-0.099213876
0.43393338
0.079157196
0.21116185
0.46119425
-0.7393368
0.16266453
0.4967786
0.3004146
0.295579
0.81899196
0.24144906
0.47675046
0.03381445
0.3095494
0.009208651
-0.2775594
0.922752
0.7034333
-0.01879989
0.7272717
-0.1567213
-0.14322408
-0.19183718
-0.4517545
-0.8648221
-0.96881306
0.85210544
-0.49037454
-0.04153041
0.62916243
-0.09062914
0.69743043
0.26996318
0.7569978
0.7751139
0.40532532
0.3442535
0.044523306
-0.8485556
-0.67289424
-0.67678875
0.5906764
-0.38484687
0.60942614
-0.07776511
0.8828459
0.98803985
-0.8919617
-0.16114025
-0.28695425
0.61537
-0.04417889
0.27106857
0.6039752
-0.31881425
0.5488487
-0.035726625
-0.97295374
0.7949132
0.15572985
0.036307618
-0.0040070154
0.9465952
0.25235847
-0.020498473
-0.018191345
-0.49574223
0.8809844
0.71116066
-0.3525803
0.37847203
-0.79499185
-0.40993708
-0.8768287
-0.8179293
-0.6954153
-0.6682245
0.1760782
-0.12466734
-0.7906409
0.47102836
-0.7223675
-0.19167864
0.9589427
-0.6999709
-0.18645947
-0.45303336
0.45466328
-0.81864125
-0.32871026
0.2793541
0.035502564
0.11874082
0.23851791
-0.9283042
0.47006822
0.7954126
0.13645804
-0.15023199
-0.4680714
-0.70546067
-0.44679064
0.026741266
-0.7072639
0.82489145
0.8242948
-0.71080786
-0.4852934
-0.17700624
0.7083324
-0.16446751
0.21113734
0.18583626
-0.65355784
-0.36826646
0.057813164
-0.89806044
0.02832423
0.2857116
0.41871598
0.39464203
0.33846495
-0.81473684
-0.14994141
-0.058275606
-0.32309836
0.9808842
-0.90898985
-0.57931376
0.50216126
-0.59134334
-0.49127695
0.18244745
-0.6673264
-0.37408507
0.083194025
0.87286466
-0.66342974
0.7404041
-0.29316923
0.61701614
0.88837373
-0.33778563
-0.913716
-0.87051296
-0.34375623
0.5143487
-0.7436323
-0.750699
0.74301946
0.43858266
-0.1904384
-0.72975916
0.48607773
-0.74370307
-0.6326944
0.16363691
-0.5771266
-0.6854263
-0.0771048
0.64584225
-0.8538645
-0.8692821
-0.93932307
-0.39640668
-0.52589774
0.5859667
0.37448356
-0.9149012
0.4530517
0.92636585
-0.9944085
0.31888115
0.2570393
0.14328352
-0.94881624
-0.7277607
0.7439784
-0.33677027
-0.005621004
0.37733266
-0.92142993
0.4919312
0.14447331
-0.23202969
0.44330114
-0.3035544
-0.6859079
-0.7755976
-0.82173866
0.47824836
-0.06920058
-0.30602294
0.64134055
-0.40517846
-0.7115005
-0.21048385
-0.021146897
0.5397475
-0.36631635
0.02997943
-0.66058064
-0.35162544
0.56411016
0.21646403
0.47648343
0.4466861
-0.008487745
0.22074111
-0.7003226
0.85998726
-0.8690904
-0.59205544
-0.3449051
0.19184819
-0.49544716
-0.44864875
0.9700545
-0.23081781
0.55476207
0.09602185
-0.41926348
0.80612236
0.16374855
0.34469497
-0.7957053
0.0154550895
0.04151987
0.71238524
-0.040376894
0.49284038
-0.10821744
0.37129277
-0.77965194
0.15466297
0.751805
0.7942841
0.4822627
-0.98500305
0.47479284
0.8970617
0.027351156
0.020458516
0.9278292
-0.83430797
-0.6954614
0.31127954
-0.13482858
0.12548
0.77060467
0.34799477
0.82938886
-0.3214376
-0.67290324
0.45403272
-0.02704807
-0.6344409
0.6066583
0.073264085
0.416695
-0.62570906
0.0030226137
0.21665275
0.29813072
0.98208153
0.6143524
0.6131104
0.35679615
-0.31751254
0.47562933
-0.21553613
-0.4532438
-0.086448565
-0.30656886
-0.19662847
-0.4572963
0.86992276
-0.6220021
-0.92682123
-0.9237464
-0.9731517
-0.94552165
-0.4445846
-0.79652816
-0.9108835
0.49192598
-0.771539
-0.9558287
0.25986624
-0.0981796
0.5917437
0.6908624
-0.29354268
0.6659692
0.7388296
-0.6173352
0.7428108
0.74593896
0.54854155
-0.12160631
-0.14732307
0.48846945
-0.055519603
-0.39024305
-0.19732682
0.86075443
-0.43612376
0.11081768
-0.5266684
-0.10195883
-0.65172726
-0.5626706
-0.5442137
0.3086918
0.27091038
-0.7376748
0.59215635
-0.32260633
0.63575834
0.12376152
-0.4021745
0.37610176
0.42217055
-0.72581935
-0.5625981
-0.93459666
0.98198164
0.34195694
0.28444487
-0.53430206
0.23574474
-0.04525742
0.24711306
-0.60452926
-0.9942869
-0.83816594
0.22061802
0.058600135
0.101044334
-0.96610945
-0.38303325
0.30428165
-0.7562659
0.15809104
0.45053282
-0.43538707
-0.31885803
0.5587341
0.36917382
-0.04473094
0.2544061
0.21119043
0.11644661
-0.8224087
0.4815395
-0.8284876
-0.35858738
-0.9324032
0.4193712
0.9276597
-0.3697986
0.34641
0.056288388
0.15394846
-0.49846405
0.9783654
0.61581504
0.31322065
0.095321566
-0.0024849991
-0.44019145
-0.30976003
-0.054129545
0.14800394
0.94346434
0.4239855
0.7969359
-0.17328674
-0.49112093
-0.3308986
0.9209511
0.16144124
0.23008972
0.051552832
-0.54829687
-0.70657855
0.20315616
0.51793426
0.6304917
0.48928556
0.16937855
-0.24027766
0.96992403
-0.80713415
0.6980212
0.3818845
0.28720784
-0.3449466
0.44738534
-0.008529928
-0.020821815
0.9052711
-0.5029923
-0.53060675
-0.08152498
-0.42651492
0.6356146
0.2995584
-0.37260827
0.2368402
0.2844347
0.052522756
-0.7002031
0.60617465
-0.39684576
0.9428252
0.55426437
0.8664515
-0.56424785
0.7799929
0.3967243
0.53815067
0.6964829
-0.08039716
0.018319467
0.05431055
0.8372359
0.05637287
0.02083203
0.8210354
0.52572596
0.1352881
-0.44702145
-0.53475827
-0.2454291
-0.942831
0.8288593
-0.6562861
-0.7723372
0.042714678
-0.89124185
-0.26687178
-0.07867814
0.670037
-0.4844699
0.9960443
-0.36348286
0.8763324
-0.5865038
-0.6949729
-0.3244308
0.5754077
0.95333004
-0.36512288
-0.90376496
-0.33838245
-0.66543
-0.34568983
0.023055691
-0.07514402
-0.021207018
0.083434284
0.17727812
0.97793156
-0.7389048
-0.97956645
-0.47190356
-0.63835555
0.49689558
-0.12154939
-0.47675768
0.46189663
-0.495041
-0.08410037
-0.8977722
-0.76949304
0.9476265
-0.77098495
-0.81829613
0.8654273
-0.25756326
0.3069261
0.4514532
-0.8642626
-0.89225364
0.65444887
-0.3159466
0.34256455
0.2595981
-0.3613443
0.513991
-0.79481983
-0.9654176
-0.57841647
0.6096138
0.06088466
0.9734653
0.1265621
-0.80103517
-0.64857095
-0.13186783
-0.6436012
-0.20056334
-0.54449844
-0.8431157
0.31931195
-0.18493138
-0.46326166
-0.02618761
0.16160697
-0.51598614
-0.23279136
0.08672193
-0.52677345
0.5800417
0.90910214
0.18852177
-0.7212672
-0.28727227
-0.44898605
0.5879506
-0.17852134
-0.67344475
-0.96449375
0.41790572
0.21302342
-0.658286
0.7617782
-0.85078025
0.48025537
-0.13760915
-0.49237096
0.5981769
-0.6469755
0.9887802
-0.14050336
-0.7487884
-0.008554304
-0.07148917
-0.40783706
-0.4849996
0.842276
0.46507263
0.82441056
-0.600177
0.79848844
0.7821309
0.28788564
0.8786867
0.9148024
-0.22163104
0.08285916
0.0007224308
-0.7928073
-0.96776557
-0.8280524
0.04367039
0.8884451
0.4910296
0.97670573
0.046772696
-0.4083638
0.52643126
0.1780906
-0.2395892
-0.40611374
-0.100078456
-0.18345098
-0.21950172
0.45314142
0.5353394
-0.41011173
0.16225742
-0.9685389
0.17913577
0.98314935
0.9538106
0.22092013
-0.24025396
-0.0025527738
0.31350186
0.10171563
-0.6521892
-0.06866584
0.2795111
0.99597836
-0.16909155
-0.7823382
0.74798626
-0.6332552
-0.62097037
-0.5434912
0.073331214
0.43654406
0.7648116
-0.2960168
0.61914945
0.62293404
0.6006738
0.27438435
0.123028785
-0.68383855
0.39157122
0.93437624
-0.42488056
-0.20837423
-0.48313898
-0.4028996
-0.8165646
0.72978085
0.37451267
0.5350892
0.8445303
0.4322022
-0.7903098
-0.30277175
0.10364091
-0.5695574
0.6789641
0.2204963
-0.7262448
0.51356137
-0.419296
-0.015026691
0.9949262
0.5181325
0.70761853
0.20949812
-0.38937432
0.5055008
-0.7489519
0.9620075
0.14421473
-0.36508748
-0.28630713
-0.8469631
0.8560406
0.47906566
-0.62281924
0.8826539
0.153854
-0.15309298
-0.6281204
-0.3273012
-0.7955654
0.46486312
0.33358458
-0.7854164
-0.30456653
0.82024086
-0.098322205
-0.46996543
0.7990845
-0.06357082
0.07173592
0.919381
-0.5249421
-0.52792174
0.9524198
0.19843116
-0.62387615
0.11023041
-0.0064005917
0.015041181
0.10507082
0.14319769
-0.92046297
-0.3947192
0.48810983
0.75070035
0.780089
0.32382017
0.37008747
-0.050268102
0.87364393
0.2723324
0.247737
0.6084558
-0.07172921
-0.69252706
-0.12423466
-0.2156889
0.55126345
0.9661947
0.5243122
0.99931544
0.78084534
0.81545407
-0.95021063
-0.6804935
0.16439483
-0.27759942
-0.32461247
-0.69817924
-0.841657
0.5315913
-0.9234718
-0.3524593
0.28018984
-0.092928134
-0.58228797
0.6962622
-0.23929556
0.10819879
0.46554202
-0.13372882
0.91401565
0.7899415
0.94957787
0.3691786
-0.7717051
-0.22283489
0.41872934
0.35074687
0.69549257
0.15529615
-0.53951305
0.31329316
-0.087747544
0.74219173
-0.6148789
0.9063526
-0.90697986
-0.8908177
0.19512036
0.3969061
0.5459059
0.36309406
-0.5658705
0.33926305
0.7319601
-0.5949632
0.8644585
0.015896985
0.11223309
-0.8414815
-0.65508866
0.25591952
-0.3063813
0.43649688
-0.21761209
0.83936906
0.7443724
0.41897318
-0.6072696
0.6637993
-0.5342601
0.12797333
0.8649504
-0.9211925
0.5864037
-0.9078922
0.63375187
-0.85990673
0.90497726
0.12219087
0.61943424
-0.5769612
-0.9919692
-0.7350558
0.59018326
0.85362947
-0.57498246
-0.25176254
0.1169549
-0.6728985
-0.118933074
-0.421275
-0.25887066
-0.7312976
-0.21615322
-0.82234144
0.13731492
-0.7808129
0.50926346
-0.5396453
-0.96685547
0.31521794
0.23828457
-0.7305718
0.4474676
0.9703605
0.11711199
0.612221
0.15666683
-0.4732888
-0.48369342
-0.85228014
0.46873415
-0.6756418
0.25812998
-0.16439874
-0.32207108
0.965598
0.10312021
0.8134636
-0.2242542
-0.7072767
-0.3450203
0.60919625
-0.14028771
0.20403443
0.5963639
0.5394924
-0.46120754
-0.8576388
-0.64057094
0.6307125
0.74123317
-0.5911429
-0.8206873
-0.575158
0.0020232464
0.23237473
0.538643
0.036932793
-0.96815294
0.70739573
-0.26966184
0.38387564
0.25623038
-0.79394406
0.3278615
0.013377129
-0.27417627
0.7320268
0.5271559
-0.06826547
0.04751994
0.90957105
0.7063025
0.042904694
-0.50947523
-0.2600664
-0.28444976
0.019485947
0.47761872
-0.09532422
0.8832525
0.8773088
0.61223596
0.82142097
-0.68373156
0.90855193
0.16281748
0.3476411
-0.32157576
0.35844082
-0.05243311
0.18416438
-0.43957895
0.6289003
0.14256269
-0.04105907
-0.373671
0.29023176
0.5226481
0.9671389
0.53767073
0.81911933
0.4677988
-0.36140946
0.76172966
0.30461723
-0.8512339
-0.8432203
0.11677644
0.7147315
-0.021486644
0.93301094
-0.98230386
0.83999103
-0.86232495
-0.75264704
-0.25689143
0.76115686
-0.22476779
0.08853805
-0.19885765
0.45643407
-0.67769885
0.11748749
-0.63236827
-0.61599874
-0.79303646
0.97766834
0.35092574
0.92265
-0.67020017
-0.65953374
-0.7031118
-0.03730636
-0.5529963
0.8934864
0.41596198
0.6022857
-0.2931469
0.74503446
-0.6439787
0.62568706
0.2544924
0.98593473
0.19847478
0.35083458
-0.35182005
0.51205385
-0.53448874
-0.5807591
0.11812959
-0.08990598
0.78643095
-0.13601239
-0.9775568
-0.48636806
-0.971232
-0.34499833
0.7005485
0.71745723
-0.45104498
0.5641829
-0.9413022
-0.35367712
-0.94635516
0.14551893
0.4913611
-0.015868176
0.40249923
0.76125443
-0.3080411
0.94697064
0.7765541
-0.76053095
0.98337066
-0.6452394
-0.33599278
-0.26137587
0.77402425
0.06595321
-0.16277282
-0.08772916
-0.5089862
0.23055242
-0.63617885
0.13419825
-0.0053229276
0.7630454
0.5203222
0.5170201
0.7770518
0.20586373
-0.42605695
0.53585494
0.5778988
-0.78194165
0.56338614
0.09640433
0.27179855
0.6217265
0.42434072
-0.5195939
-0.7595329
0.9330082
0.16842215
0.5627416
-0.68574786
-0.623328
0.48426455
0.7619808
-0.44737646
-0.4542591
0.55037594
0.6445416
-0.6103143
-0.9223527
-0.4400001
0.86110175
-0.0014768594
0.82670987
0.5540745
-0.96481156
-0.6165909
0.81551236
-0.08648869
0.82612723
0.07692441
0.3908606
0.44647992
-0.12645139
-0.69320697
0.46320763
0.5723317
-0.9969454
-0.81402993
0.39451376
0.9495993
0.21167633
0.91759175
0.81382704
-0.037511
-0.50810057
-0.7689735
0.6338064
0.035891384
-0.7485858
0.8057487
0.699658
0.6685086
0.8770193
-0.59385604
-0.9016666
-0.40685683
0.3603314
0.9124393
-0.8666099
0.59324276
-0.82918197
-0.56461024
-0.07616607
0.7340688
0.48073837
-0.13184196
-0.8647217
-0.47468576
0.5380334
0.40454412
0.9305736
-0.16625498
-0.17132713
-0.11515751
0.25905392
0.77091694
0.44539168
-0.32013065
-0.35739294
-0.9771076
-0.48005205
0.06337808
0.079574764
-0.16648842
-0.9927727
0.920801
0.49701378
-0.11276335
-0.16470112
-0.42533803
-0.88338757
0.5264882
0.7761052
-0.057389174
0.25608987
-0.9352601
-0.7487339
0.7511948
0.1347376
0.37177125
0.32993373
0.8616067
0.6119209
-0.25267583
-0.9062786
0.266134
-0.67888236
-0.4421088
-0.6177558
0.71536815
-0.97067213
0.37993744
-0.39992046
-0.9754023
-0.23044951
-0.95073795
0.6395011
-0.2905189
0.7140018
0.7368032
-0.81934816
0.91608506
0.4331925
-0.5326657
-0.5493213
0.43888333
0.49892396
0.55066013
-0.96230704
-0.66211987
0.81758976
0.8867626
0.6670875
0.9190519
-0.29513597
0.57810706
0.22495359
-0.20508397
0.67377937
-0.3392528
-0.18725261
0.3718002
0.62616843
0.64836437
-0.038609777
-0.115433834
-0.8783791
-0.2027448
-0.9760553
0.41681784
0.45428917
-0.63189715
0.35278806
-0.063275814
-0.29838514
0.43274713
-0.8039102
-0.53170395
0.79369414
-0.44948545
-0.88075846
-0.30666292
-0.58680546
-0.0323273
0.7830774
0.3421572
-0.06602838
0.14062747
-0.82126486
-0.89661634
-0.28956935
0.11057761
0.22715016
-0.122019894
-0.54021996
-0.6681981
-0.11852335
0.44348717
0.5534602
0.6085007
0.59494364
-0.539162
0.7387545
-0.80019534
0.8522256
-0.39387998
0.0044805426
-0.22239362
0.13216391
-0.49895218
0.15505613
0.39482445
-0.8504086
0.6298069
-0.07092635
-0.5839819
0.16574453
-0.14303254
-0.59327185
0.47353134
0.5020745
-0.22142114
0.5888378
-0.43561977
-0.49259034
-0.1310394
-0.22487351
0.9710031
-0.5841908
0.68467706
0.8976724
0.118088715
-0.6664883
-0.15205249
-0.14765246
0.62785196
0.34566352
-0.42736834
-0.13985048
-0.5151099
-0.07627287
-0.52104807
0.52658933
-0.14489716
-0.90945387
-0.8333814
-0.46642467
-0.5846789
0.8409455
0.31633866
-0.12292585
0.036484923
-0.7942093
0.7382867
-0.40439403
0.7221503
0.38083732
-0.7585522
0.8889329
-0.8419408
0.90677935
-0.6281332
-0.09579096
-0.4490291
-0.005954942
-0.1167426
0.2513951
-0.5077634
0.531777
-0.93038684
0.34950686
0.49901974
-0.42138335
-0.27130127
0.056942277
0.20327535
0.34425074
-0.37651056
0.87713957
0.5823544
-0.47420102
0.673236
-0.99659795
0.4076309
0.77101815
-0.37866604
0.05957128
-0.100970834
-0.75030684
0.24342027
0.26749492
-0.9555697
0.27115732
-0.7637712
0.36948705
0.18692762
0.36778468
0.22182056
0.08644594
-0.05631023
0.70296407
0.1642674
-0.5758829
0.8145146
-0.622446
0.30765605
-0.13784154
0.17931311
0.012782975
-0.74976707
-0.41556758
0.11219592
0.7332531
0.2802885
0.63172317
-0.91091305
0.2304254
-0.62861896
-0.5514577
0.9126658
-0.011416049
-0.28458542
-0.81389457
0.6230838
-0.38450974
-0.20841652
-0.3446546
-0.04973889
0.6478212
0.7000288
0.75880665
-0.43367985
-0.5128012
0.095546655
0.75970745
0.8581016
-0.06608122
-0.14819428
-0.53110355
0.32781333
0.82177144
0.6352337
0.43978083
-0.09920673
0.5510588
-0.66004026
-0.19341989
-0.965938
-0.11585844
0.272722
-0.6060526
0.70881546
0.09649307
-0.95313555
0.34349164
-0.25068244
0.5660834
0.28673458
-0.35659197
0.81317604
0.6327585
0.36335927
-0.9603721
-0.15307774
-0.24289168
0.6961745
-0.3047332
-0.9749081
0.28248686
-0.44847855
-0.47535306
-0.8187716
0.41773534
-0.15927242
-0.8648742
-0.94861966
-0.5983067
0.9990591
-0.26201287
-0.5884409
-0.5513019
-0.5096822
0.41748285
-0.783597
0.32392707
-0.5642385
0.72887385
0.21811178
0.40143406
0.84533554
0.55462366
0.43971506
-0.5462212
-0.8397024
-0.86847544
0.2683146
0.38034987
-0.35919207
0.121985406
-0.9203819
0.35833624
-0.4470548
-0.13099895
0.6788306
0.19179682
-0.6716848
0.32607087
-0.23262943
0.9386405
-0.3860572
0.32928738
0.095411494
-0.48285592
-0.107239045
0.90629256
-0.40205127
0.4543344
-0.60396385
0.68311465
-0.6701009
-0.3539823
0.65290993
-0.23057924
-0.5498439
-0.33107617
-0.30001333
0.1652739
-0.71798027
-0.6689937
-0.4124745
-0.47768542
-0.6338447
0.23591657
-0.6221224
0.37905833
0.48338178
-0.31707564
0.29971838
0.343491
-0.3003298
0.51406485
0.623848
0.5998231
0.32606032
0.8740659
-0.78891313
0.7501558
0.9941067
0.4763755
-0.7582872
0.6961583
-0.29351464
-0.27514616
0.6210218
-0.17996709
-0.85567653
-0.32257104
-0.042969696
-0.59251595
-0.9805431
0.521699
-0.95894605
-0.3598952
0.78650653
-0.8570433
0.78492045
0.5353251
-0.11220837
-0.45599058
-0.68302107
0.68985265
-0.939561
-0.39902797
0.21880579
0.12675434
0.011262718
0.8804904
0.8826676
0.3282713
0.08918096
0.9650598
0.9175915
-0.45547518
-0.058024283
-0.37843385
-0.2449245
0.7929518
-0.110078216
-0.02516029
-0.24120586
-0.6123832
0.31244066
0.7115082
-0.6727031
-0.7361836
0.066239074
-0.5907576
-0.40678543
0.7154987
-0.68620133
0.71040964
-0.9743277
-0.49078447
0.22766565
-0.7870993
0.4446525
-0.58772683
0.18927236
0.91783804
0.5356558
0.4945738
-0.6439192
0.40647408
-0.8812188
-0.9393556
-0.75428796
0.16763178
-0.9094211
0.67397296
0.56582063
-0.25026423
-0.17739943
-0.9954508
-0.69558
-0.18364851
-0.023116205
-0.7873618
-0.70379627
-0.2707804
0.36593124
0.16312942
0.18556459
-0.8198051
-0.892949
0.41873077
-0.45696238
0.65659285
0.45862672
0.3630029
-0.8717938
0.9318804
0.010810881
-0.87469643
0.14490396
0.21403465
-0.20472112
0.48910964
0.026945682
0.4569315
-0.9956289
0.7999091
0.48765278
0.8677491
-0.6589897
-0.586099
-0.1807281
0.7816441
-0.6760375
-0.9947375
-0.82195073
0.08766959
-0.51039696
0.51056963
0.6660534
-0.6548998
-0.6529665
0.93028075
-0.7139678
-0.68431145
-0.96074075
-0.9838159
0.3262507
0.4615217
-0.54172444
0.08253211
0.9930457
-0.28808796
0.61253005
-0.9443382
0.27122715
0.33655205
-0.49259993
0.7129207
0.76455986
-0.25064975
0.8869537
-0.8747544
0.10869202
-0.5988326
0.7643289
0.35884863
0.05591178
0.51151645
-0.43667546
-0.28990278
-0.68235564
-0.55229324
0.36165866
0.7882156
0.0588403
0.33352974
-0.28292266
-0.25593314
-0.6815146
-0.026809724
-0.5804373
0.47838414
0.0660212
-0.6835141
0.6318149
-0.27320734
-0.7755108
-0.005970231
0.042746298
0.7351028
0.037279204
-0.0070978994
0.6895578
-0.6535818
0.4680548
0.38554522
0.373041
-0.19866978
-0.3071205
-0.109117806
-0.13304153
0.0463901
-0.8900794
0.66848654
0.3164573
-0.80518925
-0.09354192
-0.69580764
0.85793036
0.7253389
-0.37106445
-0.92442626
0.13287841
-0.8969145
-0.25108936
-0.13076387
-0.263202
0.5364033
0.2561707
0.06275153
-0.83493614
0.16284434
-0.8257477
0.9421425
-0.974507
0.7983119
-0.5706834
-0.51046705
0.62707007
0.5025956
-0.75344336
-0.36392578
0.27694753
-0.7192644
-0.90531135
-0.6010539
-0.9929489
-0.8686293
0.060297403
0.8427663
0.43698874
0.42697668
-0.6951227
0.6213822
0.23371874
-0.39103806
-0.76893014
-0.96277493
-0.070879914
0.15808904
0.9212907
-0.83798337
-0.2550154
-0.6616826
0.6416047
0.53122085
-0.9557612
-0.9665681
0.32274428
-0.91436696
0.31994984
-0.6471944
-0.17651746
-0.07147749
0.093107924
0.2292682
-0.9058971
-0.54580885
0.0056655686
0.3652027
0.063143335
0.9106859
0.5454837
-0.8313008
0.71221554
0.7223557
0.48860976
-0.9848389
-0.14125328
-0.8933512
-0.11887225
-0.33133942
0.72334135
-0.548471
0.030710625
-0.4409805
-0.83362585
-0.28844383
0.9831623
-0.02481627
0.5134486
-0.48388597
0.7567621
-0.31399453
-0.61666304
-0.44659206
0.21271144
-0.115197
0.8826703
-0.038080014
-0.11903705
-0.15602282
0.02508217
-0.06946391
0.6367994
-0.837365
-0.40018198
-0.94107765
-0.8590598
-0.93812037
-0.525793
-0.5073377
-0.6983753
0.40308207
-0.034859613
0.50639313
-0.6662962
-0.3889808
0.82800955
-0.18571065
0.005418243
-0.95356786
-0.91744137
-0.97287416
0.8640432
-0.808916
-0.6587941
0.8680072
-0.56073844
-0.34280664
-0.41857478
-0.5110139
-0.8584409
-0.0005746751
-0.46288446
-0.7899238
0.35240796
-0.6634826
-0.9704793
0.8723976
0.2793465
-0.22737548
0.42634484
-0.4977041
0.046573285
0.9830399
-0.3598928
-0.23228948
-0.6326709
-0.21334292
0.88082963
0.84420043
0.010878043
-0.97596663
0.19988753
0.5903283
0.21835482
0.92819303
-0.9073306
0.60568327
-0.9913399
-0.7732269
-0.10468492
0.9134619
-0.7368105
0.5011218
-0.76721394
-0.37833625
-0.048994068
-0.784186
-0.4637341
-0.7138313
0.7710844
0.8803145
-0.30307844
0.69745326
0.61639625
-0.765457
0.82971364
-0.33106372
-0.45502532
0.85540223
0.5769617
-0.36895585
-0.11860302
-0.18687077
-0.84465533
-0.10970858
-0.76502377
0.55907583
-0.06779401
0.8967299
-0.72544336
-0.50921065
-0.015820209
-0.6229156
-0.21556467
0.1296245
0.88656354
0.3270464
-0.43764338
0.05662722
0.060112324
0.19822925
-0.23978402
-0.93680805
-0.44708472
-0.41698456
-0.13605851
0.37998155
0.04562105
-0.5582929
-0.1438577
-0.2971718
-0.2482021
0.9370657
-0.44835237
0.16707855
-0.56353873
0.05573439
0.4259052
-0.9581531
0.32133645
0.3428569
-0.15823895
-0.44201303
0.33039385
-0.6551436
0.9869486
0.6447757
0.525201
-0.5773539
-0.70727897
0.37811613
-0.8627949
-0.73983026
0.3221901
-0.7604294
0.42468578
0.5935606
0.73564696
-0.8651814
-0.614141
-0.2527403
-0.6041005
0.85814077
0.93943894
-0.49118155
0.51073426
0.25669944
0.41155228
0.13070332
-0.86027163
0.6286227
0.06281371
0.64709973
0.9761399
-0.8516673
-0.60159564
0.19419725
-0.7212082
-0.9283199
-6.450259E-05
0.38671413
-0.74437374
0.31084484
-0.56857145
-0.24956515
-0.9770148
-0.6959261
0.405068
-0.5366482
0.967519
0.5408998
0.22018763
0.11334468
0.6335154
-0.4453999
0.18592066
0.11720376
0.38113034
0.55091393
0.33012733
0.25731996
0.2866273
0.504934
-0.26721346
0.99406534
0.7964324
-0.665497
-0.8007997
-0.3115778
-0.5344398
0.2621888
-0.3017959
-0.5891407
0.1935921
-0.3836646
-0.8777759
-0.85835814
-0.7435583
-0.30649132
0.1550693
-0.2943946
-0.16472392
-0.08605439
0.82589257
-0.07825445
-0.07876961
-0.9539253
-0.7088405
-0.30791435
0.16318421
-0.4109258
-0.30623692
-0.10660703
-0.4500034
-0.035823565
-0.06736081
0.64881027
-0.1845758
0.48421618
0.0015542223
0.8115147
-0.5822045
0.063523896
0.6754629
0.6918278
-0.12760258
-0.66243076
0.19680843
0.6396895
0.5570659
0.07125389
0.8549419
-0.09087814
0.5611793
0.13309053
0.9236477
-0.8700828
0.4904616
0.3329263
0.67984945
-0.66526777
0.12640798
-0.21159597
0.12501939
-0.9550779
-0.15482505
-0.18032148
0.09355236
0.088281855
-0.5265807
0.84915805
-0.52530366
0.70388234
-0.88197005
-0.95006824
-0.58446336
0.0375159
0.37593397
0.8060628
-0.1905793
0.5766003
0.62087303
0.86576486
0.2723202
0.4902976
-0.09273683
0.8696392
0.49166155
0.76804775
-0.078174196
-0.6364233
-0.3872962
0.6362633
0.79212874
0.97841984
-0.8840989
-0.3349099
-0.17120597
0.7073484
-0.38615838
0.21315773
0.7286382
-0.41980207
-0.2413702
0.16968803
0.30499935
-0.2114284
0.20077442
0.6601259
-0.80085695
0.99291503
-0.8561008
-0.71741146
-0.93601006
-0.20022991
-0.73163116
0.21553947
0.9631813
-0.92755955
0.66766125
0.16070737
0.10588523
-0.0050776685
-0.4835851
0.26509497
0.22992729
-0.176131
0.0061373664
0.17782578
0.41010103
0.7950744
0.25732088
0.778929
-0.2257202
0.5967741
0.4591707
-0.6803961
0.7751793
-0.5717713
-0.54961115
-0.1931965
-0.83514076
-0.13003057
-0.16447368
0.9336455
-0.1999937
-0.33513376
0.007993545
0.9532484
0.54465157
0.51961505
0.7626935
0.33056533
-0.95421743
-0.85801333
-0.49825904
0.8874488
0.11363775
0.83199286
-0.8070798
0.57640076
0.8258518
0.05055666
-0.8612308
-0.70674926
-0.8918332
0.5414929
-0.6446417
0.009938164
0.9813569
0.703102
0.1972534
-0.20615366
0.9286736
0.87631655
-0.13099988
0.7589503
0.26947352
0.1945798
0.88263667
-0.81456095
-0.9430818
-0.93663317
-0.056512583
0.08471499
0.776581
-0.22846961
0.8234147
-0.0074758753
-0.46027046
0.76520914
0.8197182
-0.15201563
-0.0065011047
0.8079324
0.38887006
0.70207983
0.3290337
-0.6157712
-0.09234204
-0.28643858
-0.29778904
-0.09086304
-0.030067611
0.00012094264
0.2785722
0.59586525
0.94156504
-0.73932326
0.8156183
-0.64595497
0.8260296
-0.62353045
-0.38382795
0.7947271
-0.77428526
-0.95941037
0.8374598
0.7682758
0.05601936
0.077181175
-0.29652926
-0.070100464
0.96761453
0.5508118
-0.21822575
-0.3104987
0.5108226
0.55765694
0.39058122
0.13523395
-0.79388154
0.7208465
0.22377545
0.18804315
0.20859738
-0.92017066
-0.83861697
-0.90222293
0.5201081
-0.8352934
0.05999784
-0.94539833
-0.8378303
-0.73550886
-0.5000202
0.7725727
0.7028974
-0.16089119
-0.053430524
-0.44875237
-0.6707213
-0.21880046
-0.6130714
-0.7884974
-0.44057885
0.30331886
-0.52439165
0.37221846
-0.5383377
-0.5622375
0.6053836
-0.45474738
-0.7619548
0.96717834
-0.3203525
-0.64350206
0.22185507
-0.25651988
-0.013786852
0.38277215
0.937133
-0.7872554
-0.96411467
-0.7984514
-0.6002233
0.43032828
-0.98196054
-0.4019828
-0.26928052
0.2358685
-0.573615
-0.25094196
0.9437983
0.5255118
-0.11440216
-0.5427173
-0.553309
-0.25453502
-0.10299918
-0.28792298
0.38032776
0.005032629
0.4953336
-0.54211664
0.2653281
-0.4410676
0.40312812
0.41880387
0.7333512
-0.85980785
0.8445673
-0.07513144
0.15714037
-0.9777466
0.21721612
0.13526914
0.3633198
0.044821393
-0.93366605
0.465901
-0.32443765
-0.02203626
-0.2071422
0.14474514
-0.16070864
0.60644853
-0.016134212
-0.58147436
0.3258564
0.7494922
0.2379513
0.27306843
-0.44306514
-0.26977286
0.06953139
0.080799684
-0.73509365
-0.86530954
0.17636383
0.20280713
0.18145351
0.33691522
-0.42569524
0.5534758
0.43735272
-0.46293324
0.9500554
-0.06692433
0.7578563
0.51224846
0.29991052
-0.5645202
0.81249905
-0.54493195
-0.2084674
0.36743248
0.34514934
-0.5117583
0.9869686
0.5539384
0.4331825
0.11680239
-0.5034323
0.004127924
-0.62387383
0.2590563
-0.19197617
0.72074425
-0.8154756
0.5779278
-0.25650397
-0.07378811
-0.15968537
-0.4047681
-0.3652966
-0.4052857
0.17160654
0.37256953
-0.61552227
0.44826657
0.38768834
-0.9612697
-0.10402591
-0.58075714
0.64841104
0.32763302
0.18172595
0.41975817
0.35042197
0.32589686
-0.8771923
-0.27240065
-0.16533208
0.6691218
-0.5708266
-0.67709726
-0.5128848
0.76062864
0.99379313
0.89975524
0.18738587
-0.59362894
-0.93331933
-0.16975808
0.67521155
-0.71252483
-0.8207129
-0.7972364
0.09750655
0.82141864
0.10017304
-0.8688741
0.35376516
-0.98974735
-0.15484983
0.2581155
0.49133915
-0.796725
-0.8119047
-0.184122
-0.50532526
-0.24324724
-0.7095743
0.8698448
0.84403163
0.3323353
0.03206507
0.021272192
0.55663526
0.8166746
0.64246386
0.06291445
-0.10386331
0.9472565
-0.53064233
-0.05201799
0.6695696
-0.90196985
0.83045626
-0.14741854
0.614035
-0.6566705
0.72653234
-0.0072231037
-0.463879
0.16462292
-0.17461151
0.631718
0.90216005
0.08011751
-0.04583889
0.09395812
-0.1870767
-0.8353848
-0.56511813
-0.15639949
0.8496357
0.7926002
-0.79416126
0.09235335
0.56213605
-0.31090796
-0.28180125
-0.9433053
-0.47160757
0.84532595
-0.66812944
-0.42552564
-0.7121578
0.66660684
-0.44648132
-0.877637
0.8645978
0.5645608
-0.7350476
-0.63956946
-0.9019214
0.28852636
-0.6811147
-0.1017164
0.30969337
-0.4350553
0.23267831
0.71220547
-0.6236926
-0.9903842
0.7025093
-0.780391
0.6790802
-0.63386774
0.8344984
0.9345548
0.005979969
-0.66533643
-0.21708651
0.39287668
-0.023598313
0.92381394
-0.22734933
-0.55310744
0.52743137
-0.98409456
0.64369446
0.6135573
0.8344939
0.6025237
-0.896327
0.518701
-0.60062605
0.3629324
-0.31809703
0.8251258
0.4336289
-0.41661906
-0.90355206
-0.9013449
0.8426209
-0.78245455
0.49516314
-0.81097436
-0.082009606
0.35914096
0.652814
0.49853995
0.4451293
-0.8672699
-0.96991986
0.74903107
-0.40488732
0.94501245
0.6723271
0.26220533
0.80047965
0.4219266
-0.29224214
-0.1277578
0.13055854
-0.65565395
0.7033044
-0.0004903321
0.123689465
0.73902154
-0.42010394
0.46222228
-0.33183298
-0.17208506
-0.5315925
-0.15916964
-0.79150313
-0.26414442
0.9348096
-0.6765029
-0.38029358
0.71287465
0.10850932
-0.39257902
-0.068071544
-0.44854012
-0.2783666
0.18503569
0.6543261
-0.5858064
0.21139245
-0.86867124
-0.08667717
0.7669214
0.5742689
-0.8351654
-0.22372061
0.8134762
0.823718
-0.49403334
-0.73988014
0.9236456
-0.6102033
0.58874154
0.45147553
0.23787951
-0.7666312
-0.46087968
-0.46717367
0.496994
-0.96477574
0.92907757
0.37971842
0.34615138
-0.12745972
0.24005163
-0.22709739
-0.864014
0.7057237
0.20777608
-0.91919875
-0.8957534
0.083019085
0.8808513
-0.047661625
0.24692152
-0.75852585
-0.08819536
0.03817244
0.053665176
-0.3963989
0.42959422
0.48980147
0.764058
-0.21268906
0.54719937
-0.9059131
0.16652347
-0.55685276
-0.78480726
0.62308395
0.5761892
-0.22635552
-0.8107709
0.1409469
-0.97851044
0.9508027
-0.60473293
-0.2404309
0.015556148
0.7577395
-0.5235127
-0.51198995
-0.84864354
0.7260836
0.8918095
0.76899874
-0.47211078
-0.058322955
-0.03373395
0.6363046
-0.80592334
-0.33725002
0.21086045
-0.009629999
0.4591619
0.3355918
0.14278504
-0.6959178
0.7229265
-0.17725565
0.50187266
-0.5530832
-0.34198818
0.51320714
-0.6072646
0.8142881
0.52700746
0.8489165
0.48759574
-0.7399929
0.41002917
0.8168211
-0.68190706
-0.39570442
0.37741396
-0.55505574
0.43674853
0.67216766
0.81959015
0.9567418
0.50426745
0.20203777
-0.35448465
-0.5763793
0.9865014
0.8606918
-0.4178413
-0.3956897
-0.5829446
0.23788004
0.1685363
-0.6773375
-0.7439161
-0.48803073
0.44018877
0.09776041
-0.77789164
-0.59177995
0.9482634
0.9678102
0.2708227
0.16732317
-0.6566392
0.008287551
0.5259782
0.13757819
-0.5873431
0.20619799
0.36551318
-0.46462148
0.8919265
0.6721612
-0.39863992
-0.40440255
-0.7011247
-0.3554369
0.80138725
-0.22265086
0.3981068
-0.22665364
-0.5410974
0.46804303
-0.60816294
-0.23540759
-0.4282419
0.22677764
0.08612614
0.7898443
-0.07708712
-0.75434196
-0.11625581
-0.4841423
-0.11105232
0.2014179
-0.5828063
0.7405878
0.8703986
-0.04004373
0.048131682
0.587152
-0.69293195
-0.55851144
-0.87852174
0.9824654
-0.7315675
-0.57179093
0.114911266
-0.24937193
0.017886331
-0.84745806
0.05098903
0.17784153
0.61873776
-0.17590417
-0.08065149
0.45066547
-0.92309546
-0.2545351
-0.15128638
0.9732755
-0.2070533
0.81440693
0.6841709
-0.056276765
-0.001582665
-0.110666536
-0.09584619
-0.13023908
-0.9515455
0.2498965
-0.23524466
-0.9380169
-0.54255474
-0.4616596
0.78700036
-0.7244593
0.15943658
-0.3024019
-0.6240576
0.54023284
0.1874773
0.014261753
0.14830466
0.18614762
0.25482672
-0.79045564
-0.43796828
0.28155756
0.91356856
-0.7274165
-0.6879944
-0.84684646
0.2745847
-0.5608577
0.37683618
-0.41718388
-0.77615535
-0.04662873
0.97064465
0.32995713
-0.35589662
-0.90636206
0.8908997
-0.10133989
0.29659584
0.20158474
-0.5940239
-0.95197344
0.6150817
-0.38628295
-0.8931239
0.03474398
-0.5656278
-0.39345822
-0.7758369
-0.45672804
0.051717963
0.36732772
-0.46444446
-0.74094236
-0.22677927
0.06372089
0.21988912
-0.7867112
-0.636492
0.86612827
0.73787993
-0.6966484
0.35725105
-0.77226
0.18926787
-0.7904722
-0.9352027
0.3146759
-0.6649964
0.6722801
0.6556179
0.181539
0.4908268
0.8650165
-0.509112
0.5896202
-0.7453467
-0.9702719
0.9780194
0.24256788
0.50884014
0.12786746
-0.7198729
0.51729554
-0.12794217
0.89059186
0.32488033
0.5819126
-0.37743694
0.9803809
0.96196437
-0.7965717
0.72816247
0.5861726
-0.24289283
-0.6087986
-0.64721763
0.34810466
0.47310698
-0.30509597
-0.85757226
-0.87553114
0.94105214
0.75294125
-0.3242637
0.532338
-0.69518554
-0.06041418
-0.73512244
0.5677384
-0.16866039
0.70243007
0.8994688
-0.13784362
0.6738665
0.60020804
-0.6871586
-0.95301193
0.9538838
0.86546767
0.15223143
-0.5233606
-0.024781102
-0.5849543
-0.97234935
0.5118004
0.65798855
-0.5580208
-0.6074737
0.5550863
0.93877745
0.38818258
-0.2792262
0.0006407768
-0.4983415
-0.17953545
0.99514437
0.756293
-0.45709056
0.113832995
0.02054081
0.5736265
0.50049824
0.07234041
0.50570226
-0.10590305
-0.08793527
-0.33113033
-0.5704138
0.37688643
0.8658342
-0.9706299
0.26610687
0.11397571
-0.116444126
-0.22520822
-0.39181843
0.8014588
-0.41935962
-0.1702687
-0.89262867
0.4933923
-0.31885016
-0.8555747
0.6092826
0.45248067
0.17315467
-0.56102747
0.53306746
0.61858463
0.7971653
0.15587771
-0.4363131
-0.30844277
0.89401
0.9754202
0.8898284
0.39217156
0.3682626
0.1064811
-0.8381649
0.654478
-0.34832767
-0.9021114
0.70681643
0.6393971
-0.52513087
-0.57767373
0.70542365
-0.71701473
-0.15651053
-0.89409477
-0.90996796
0.29137945
-0.78483164
0.21019976
-0.25144535
-0.26996467
-0.2845534
0.26459238
0.59262824
-0.5197329
-0.8140945
0.62066543
0.5040792
-0.09879414
0.3166363
0.6568851
-0.17963625
-0.9844269
0.054377116
0.5943879
0.039294474
0.04652643
0.13099699
0.51358676
0.34914833
0.5674238
0.2918279
-0.33224565
-0.37381047
-0.43560976
-0.3001683
-0.10281012
0.8229851
0.91584635
-0.8024141
-0.7683233
0.31136188
-0.3402041
-0.5953626
-0.05338969
0.09765761
0.7032956
0.8631513
-0.11037108
-0.9432783
0.4790374
-0.89925176
-0.15926315
0.0908132
-0.95752007
0.24605745
-0.94988513
-0.17755406
0.84522545
-0.64681333
0.6408484
-0.95674574
0.9505187
-0.6444043
-0.73623496
-0.0870674
0.72070193
-0.44758976
0.3062921
0.55680215
-0.2508683
-0.79911494
0.8034605
0.65843153
-0.7468266
-0.12991506
0.6872621
0.8680256
0.8098631
-0.2793989
0.7840986
0.02721079
0.56584024
-0.83369344
-0.56439006
0.1839194
-0.9072234
-0.5059929
-0.23698777
0.37151718
-0.024085958
-0.5928035
-0.37345138
0.41370717
0.29472196
-0.8000921
-0.4934583
-0.5765113
-0.21167806
0.82216054
-0.51990616
-0.73101336
-0.94400364
-0.73026055
-0.065082684
-0.78702796
-0.60737616
0.423988
0.50207204
-0.99325466
0.83514917
-0.3846985
-0.1790943
0.42551434
-0.031782016
0.27919582
-0.7835923
-0.6280943
-0.23872703
-0.33431357
-0.92302513
0.5457763
-0.9271418
-0.25399524
-0.83142406
0.72657776
-0.89589775
0.28165567
0.6764402
-0.10664958
0.15214448
0.9081698
0.22986247
0.36262235
-0.25275
0.8181042
-0.47573733
-0.4443869
0.04266628
-0.29315045
0.46608245
-0.17676215
-0.99380356
0.13563381
0.81184316
0.994882
-0.7239361
-0.24399403
-0.77652186
0.88554835
-0.072291136
0.98239625
0.2597618
-0.89690477
0.5668903
-0.41622272
0.6075505
-0.2592306
0.93359566
-0.16833165
0.6797838
-0.028104512
-0.84378296
-0.84328943
0.47817203
0.4685454
-0.19681557
-0.8608583
-0.405092
0.4308114
-0.8309458
-0.32845625
-0.3597152
-0.82140714
-0.08831356
0.175511
-0.6697048
0.42738885
0.35915807
0.023245968
-0.26308748
-0.04939658
-0.7114542
-0.2676814
0.2723679
-0.12163468
-0.18950129
-0.06779248
-0.24552703
0.2095147
-0.96629256
0.2548961
0.27173078
-0.19808783
-0.81033105
0.2573225
0.0010350635
-0.22885166
0.008055594
-0.17787482
-0.794949
0.25202486
-0.9089373
-0.65927136
0.88601744
-0.10745496
0.55996555
-0.62016606
-0.56334424
0.6981084
0.054814056
-0.86865157
0.12649715
-0.43259868
-0.73709196
-0.188099
0.39922315
0.2515372
0.817376
0.82259595
-0.9742406
0.56853837
0.8139792
0.99317396
0.112053104
-0.4917
0.51928914
-0.74746
0.11325245
0.5398036
-0.3794282
-0.29104015
-0.19341542
-0.50326705
0.16008566
0.22477402
-0.50339174
-0.6888562
0.071312815
-0.25854635
-0.8045114
0.014409351
-0.33383462
0.98955125
-0.9743686
-0.3835896
-0.12680583
-0.2972615
-0.9058589
0.60452867
0.90155834
-0.6700904
-0.06683027
-0.16749671
0.46690843
0.09686948
0.76438457
-0.68027866
-0.2968973
-0.93290895
-0.5789656
0.18354048
-0.32410195
-0.94089097
0.3961283
0.051518846
-0.8188669
-0.44058502
-0.10664641
0.88526016
-0.62601846
0.8629355
-0.26794484
0.6690074
-0.7499403
0.76351774
0.13724802
0.9525533
0.62738454
-0.47259298
-0.7479627
-0.5075897
0.558093
-0.35512617
-0.8453037
-0.25394264
-0.9761151
-0.86718136
-0.44398633
-0.253995
0.7595588
0.880208
-0.13025965
0.32119262
-0.60622364
-0.27036917
0.22959836
-0.013562422
0.5756115
0.5805963
-0.74364424
0.9288569
0.31892776
-0.20311262
-0.36007714
-0.15184638
0.17520252
0.6234983
0.9948985
-0.5846528
-0.74854195
-0.15841427
-0.027265092
-0.2112176
-0.75837666
0.779776
-0.5806818
-0.039236452
0.030724049
-0.67577213
-0.10634264
-0.58238035
-0.7112979
-0.5935114
0.045843754
0.29674917
-0.4073978
0.87519485
0.16150752
0.86940455
-0.533369
0.7254434
-0.1866522
-0.32131338
0.46451086
0.9057042
-0.83275396
-0.74979085
-0.943624
-0.8384733
0.05219388
0.5729387
-0.7596141
-0.90784305
0.745806
0.29295245
-0.66765237
-0.27265638
-0.26392686
-0.9323449
0.665933
-0.11399928
-0.25070328
0.679433
-0.67486703
-0.7893007
0.053361595
0.40764976
-0.71491283
-0.7631473
-0.83055556
0.28077936
-0.70778906
0.37375855
0.881942
-0.0354648
-0.36079207
-0.6708058
0.8490865
-0.88510203
-0.44069886
-0.8224448
0.12938838
0.001505264
-0.63791287
0.14676873
-0.9608695
0.63177216
-0.69721454
0.60804725
-0.33554244
-0.5130134
-0.5792344
-0.3677377
-0.21038917
0.22830996
0.33810538
-0.885588
-0.9672481
-0.82974607
0.79695517
0.0922858
-0.6846496
0.28885588
0.5350235
0.67220163
0.1162274
0.21052781
0.1277399
-0.279986
-0.98914784
0.28271028
0.15466972
-0.7464841
-0.5497477
0.21718752
-0.31085795
-0.08566148
-0.12402499
-0.5101447
0.61865616
0.63889694
-0.56746787
-0.381527
0.38997585
-0.039456356
-0.9227768
0.2115559
0.93536717
0.9555671
0.46396565
-0.09275997
0.2752661
0.45268524
-0.46383244
0.14298078
0.07998047
-0.06919798
0.8472568
-0.21850422
0.318598
0.56322503
0.63436264
-0.4296787
-0.20853926
0.6187097
0.6377121
0.9563429
0.6072358
-0.5325811
0.7573624
0.31218815
-0.5765859
-0.90549994
0.3075168
-0.8009123
-0.5071369
0.40922505
-0.9406412
0.6177987
-0.66511995
-0.22220747
-0.34768304
-0.44894898
-0.7586051
-0.044933397
-0.16573726
0.795906
0.8032986
0.31476945
0.30618328
0.10838613
-0.7534586
-0.06821844
-0.984355
1.1293122
-0.8021036
0.5366827
0.7171937
-0.52210504
-0.004427895
-0.07844049
0.5613787
-0.50238144
-0.9249848
-0.6399798
0.0989473
0.018257827
0.9069841
-0.28322428
-0.12526414
0.45859167
0.28013873
-0.18585765
-0.30499116
0.8587142
-0.12321912
-0.32169104
0.8231425
0.7214612
-0.018991075
-0.36762503
0.123305015
-0.7602941
0.7931279
-0.8865357
0.745453
-0.1624912
0.31766436
0.2663456
-0.60081804
-0.2204121
0.38461524
0.54579437
-0.35288924
-0.08736102
0.10231355
-0.3270862
0.23454648
0.24912053
0.30020896
-0.36620775
-0.5050266
0.61090595
0.85771847
-0.677688
-0.08424467
0.8681479
0.5747806
-0.061196834
0.20858213
0.049252212
-0.19688335
0.024057835
-0.4406449
0.7055115
0.1323545
0.617281
0.36407042
0.03604737
0.6413919
-0.851683
-0.12948331
-0.8175247
-0.70313025
0.121276766
0.6323573
-0.28664988
0.6218014
-0.35443047
-0.66475743
-0.44924346
0.19859329
-0.7775521
-0.51700276
1.211886
-0.48609138
0.005241722
0.20244923
0.19185118
0.056471854
0.0034974813
-0.64397407
-0.34259364
0.24149726
0.7029152
0.2555579
-0.2618537
0.6284194
0.79663897
-0.4573323
-0.052199364
0.55630195
0.38379872
-0.5263314
-0.5461199
-0.21118233
0.91473085
0.64630294
0.13284868
-0.8380024
0.6714246
0.11503166
-0.4481032
0.41027007
0.39157793
0.42796433
0.71624756
-0.42015538
