0.29735142
-0.69352984
-0.59058285
-0.877863
0.010560557
0.56383365
0.6603745
0.09314364
-0.6269947
-0.7285718
0.10078782
-0.5422239
0.74837965
0.7563019
-0.84429306
0.6662662
0.485745
0.5301313
-0.8041468
-0.36475548
0.15104505
-0.89239657
0.38560408
-0.2701501
-0.57840323
-0.031303063
-0.2851441
0.6522555
-0.7717538
-0.5647253
-0.12787712
0.5297048
-0.16281247
0.20495114
0.109029144
-0.05372694
0.65145695
-0.20025778
-0.8048291
-0.30471954
-0.31395558
-0.47842532
-0.3042743
0.7079168
0.28557652
-0.43579814
-0.2690654
-0.48184654
0.23994434
0.48441488
-0.489338
0.72694623
-0.7397453
0.865982
0.18685621
-0.1653583
0.5113262
0.066057205
0.65468967
-0.84719515
0.46317333
0.11953877
0.34868565
-0.8038124
0.9820945
-0.28123766
0.46623227
-0.25407505
-0.74592763
0.39447385
-0.8029895
0.6293845
0.23548551
0.12335774
-0.073917896
0.58429515
0.6205718
-0.42965034
0.93170893
0.05360962
-0.6664022
0.47441894
-0.28604773
-1.0364337
0.8660996
-0.017522916
-0.09842259
-0.7976011
1.0470942
-0.91447747
-0.098535165
0.69766355
0.807947
-0.96342015
0.5898509
0.492423
0.17602298
0.7769817
0.6251806
-0.594526
0.19826739
0.25211668
0.8067546
-0.81495965
-0.7565671
0.5900018
0.93421245
0.039921418
0.11765897
0.4255479
0.51084316
0.8337294
-0.6768817
-0.6375536
-1.000998
-0.7713107
-0.70811665
-0.9664428
0.35904345
0.42348245
0.25656003
-0.23133859
-0.6722672
-0.24786937
0.21075782
0.24883884
0.39036423
0.8035538
-0.8739935
0.8633442
-0.90794986
0.13067079
0.45686996
0.44052145
0.43470553
0.27747542
0.9998666
0.28933087
0.3021628
0.21236494
0.85395753
0.8429625
0.16886863
0.059417672
0.7296683
0.5491222
0.038604766
-0.3596288
1.1446075
0.27123803
0.8324964
0.34262177
0.3592824
-0.83410925
0.6763267
-0.39505315
0.53736854
-0.86318696
-0.35649619
-0.27483192
0.26247635
0.3990008
0.11751717
-0.448624
0.032100454
-0.9777131
-0.872998
-0.026473403
0.43007013
0.3278008
0.07432625
0.6745257
0.3684126
0.34250602
-0.59440684
0.011879861
-0.566151
-1.1815312
0.14225315
-0.7891307
0.44719726
0.049057454
0.9466927
-0.18423933
-0.08476418
-0.3988141
0.44148695
1.0192136
-0.13502449
0.2605663
-0.17155851
-0.39513382
0.42595574
0.2618519
0.43387368
-0.4685317
-0.4011947
-0.051429212
-1.1104491
0.7348919
0.8236548
-0.75464773
-0.12959561
-0.16752613
-0.8586116
0.15288466
0.08019734
-1.102284
-0.5060319
-0.5363694
1.0311437
0.5998597
0.10433386
0.34814638
0.40220886
-0.5979265
0.13697267
0.39293972
0.10839304
-0.012811951
0.12832335
0.31957918
-0.77764165
0.05637756
0.27300593
0.5357987
-0.9148257
0.43459767
0.15666044
0.39536735
-0.2572
0.86158633
-0.3761919
0.74638546
-0.19439936
0.5076219
0.022427619
0.07092936
-0.53489923
-0.4303108
-0.07737547
0.74185735
0.20543797
-0.5039385
0.8128915
0.6477431
0.50167596
-0.14829972
0.59236574
-0.018917851
0.2008778
-0.48651454
-0.6287026
0.1825561
-0.65359557
-0.31994206
0.3591871
0.30441317
0.8863429
-0.41468096
0.46439067
-0.7304722
-0.45581082
-0.36396512
-0.294567
0.07487431
-0.04302816
0.60351455
-0.68369913
-0.13850662
-0.5983515
-0.018277556
0.46523488
0.76700044
-0.6939963
-0.188847
-0.41248333
0.7088977
0.58715683
0.36120474
0.5071059
-0.40745428
0.5870483
0.14568266
-0.6862898
-0.53762686
0.29470664
0.38340163
-0.6190805
0.59463614
-0.010592654
-0.9939693
-0.62030613
0.34425727
0.60570097
0.57290626
0.23134658
0.50279737
0.90156484
-0.42561898
-0.56720257
0.059087366
-1.1587209
0.053206176
-1.0223523
0.1550318
-0.62516344
0.2978369
0.8369427
-0.08777936
0.58390486
-0.7339369
-0.29651228
0.63746196
0.6434098
-0.48639265
-0.21026275
-0.599366
0.23344448
0.67055744
-0.7591422
0.005871862
0.38429242
-0.42813691
-0.19077258
0.47234556
-0.66497266
0.41978952
0.2579731
-0.66485196
0.6841234
-0.04405327
-0.4736978
0.5712819
-0.20133719
-0.23567444
-0.6436088
0.9620472
0.4023541
0.020274296
0.61559606
-0.57351613
-0.84947675
0.098917395
0.3526742
0.8680166
0.18022451
0.4229558
-0.110450685
-0.5805713
0.4052185
-0.71373355
-0.29968664
0.67667484
0.61003643
0.50299895
-0.93742585
0.5105398
-0.80420506
-0.78206813
0.91313136
-0.6470102
0.1819756
-0.76147115
-0.20269057
0.27603817
-0.5352257
0.47250697
-0.98481536
-0.8056594
0.26241973
0.6580868
0.31801844
-0.2593416
-0.40777197
0.60836434
-0.36578384
-0.7946816
-0.16730799
-0.63879025
0.09484699
-0.055865332
-0.7356844
0.8343854
0.8276826
-0.6769232
-0.0021952689
-0.043501258
0.78618973
0.952526
-0.72821635
-0.5884665
-0.18248126
0.33878934
-0.66846544
-0.7021533
-0.07902253
-0.8044963
-0.33159065
-0.39211398
-0.020168625
0.62874115
-0.4135463
0.19074252
-0.51399827
0.77447796
0.5259823
0.24967548
-0.66349626
-0.08780406
-0.51027775
-0.25158826
0.29656073
0.9510032
-0.1646932
0.023057781
0.29550317
-0.2260659
0.067854136
-0.24505648
-0.222913
-0.45884475
0.8777883
-0.19297451
0.45877635
0.40804166
-0.09734243
-0.6068754
-0.2311151
-0.636605
0.33318543
-0.07087247
-1.0421773
-0.2521208
-0.57529056
-0.2516999
-0.9913477
-1.00645
0.45272407
0.29346707
0.6770377
0.28927773
-0.760579
-0.21104017
-0.2473289
0.015245125
0.8454897
-0.53072727
-0.2503139
0.22051445
-0.6005354
-0.6049921
-0.00809446
-0.56068116
-0.7198609
-0.32440338
-0.1120922
-0.22669226
0.5993128
0.28442714
0.92179203
0.82674384
-0.14814964
-0.33399782
0.7631316
-0.28837729
-0.6729107
-0.091946095
-0.46163788
-0.51741564
0.20776628
-0.5795108
0.23857886
-0.9864122
-0.16738519
-0.4797817
1.0275781
-0.74448144
-0.4046575
0.5185082
-0.7063241
-0.9586563
-0.48817185
-0.5685257
0.4696754
-0.8351424
-0.4601019
0.91250515
-0.12627238
0.63381004
-1.0268028
0.49629328
0.65825105
-0.27619994
0.03170389
1.0406961
-0.6274426
0.4516407
0.4820458
0.74587244
-0.6459865
0.760899
0.85622966
-0.3631317
0.71265006
0.8980485
0.36555815
0.72273874
-0.564952
-0.5547273
0.5392095
-0.53101945
-0.34072804
-0.56011164
-0.7374095
-0.8747364
-0.18635741
-0.87746274
-0.55236936
-0.55917084
0.5723197
0.27266964
-0.6148673
0.569684
0.54572153
-0.49936596
0.807121
-0.11700389
0.23916924
0.4616684
0.6461017
0.6750355
0.6507236
0.025428995
-0.2684673
-0.70127606
0.12389681
-0.873042
-0.7999656
-0.50016207
0.39968476
0.27667293
0.32028964
-0.15385322
-0.4327758
0.9881402
0.23551175
-0.25347477
0.20816329
-0.35760072
-0.76069725
-0.6006551
-0.31886223
0.035767302
0.6709075
-0.48936117
0.9494117
-0.6903726
0.20844802
0.09144305
0.47385585
0.048748955
0.6805284
0.3731711
0.10639578
-0.25012913
-1.0379441
0.076167524
-0.6842114
-0.19535527
0.45427963
0.77462906
-0.2556999
0.02682168
-0.653651
-0.18737176
0.09948817
-0.76510674
-0.20245847
-0.7089995
0.74478287
0.40038007
0.027237952
0.0020790696
-0.8217561
0.003453359
0.4897998
-0.068854496
0.8283568
-1.0280077
-1.0875949
0.59623873
-0.20710793
1.1324481
-0.024431735
-0.12028727
0.17236862
-1.121136
0.69439715
-0.41750473
-0.07854369
-0.73370963
-0.12754734
0.91095626
0.09750719
-0.6822947
-0.7301582
-0.7443882
0.30053213
-0.6605743
-0.8746172
-0.84227234
-0.037084043
0.6763303
0.19061655
0.25574395
0.87333536
0.4058616
-0.31716153
1.0147749
0.02820456
0.8848529
0.58473873
0.25952283
-0.08340219
0.7677523
0.1398251
0.026073143
0.8035645
-0.01863765
-0.5266077
0.5962062
0.7500787
0.3024504
0.0902257
0.52466774
-0.2368272
0.8292285
-0.086817056
0.32096633
-0.76359546
-0.498407
0.23692751
-0.7893389
-0.8854543
-0.17560682
0.37784407
-0.2541595
0.5237562
-0.5691483
-0.7325472
0.59290826
0.025479391
-0.5709765
-0.377601
-0.058312923
-0.048884362
-0.016021341
-0.13061385
0.701086
-0.9569924
-0.2854788
-0.029742151
0.0039244294
-0.66641474
0.16637608
-0.60764384
0.28113186
1.0519929
-0.06041853
-1.037297
0.8538562
0.6714218
0.54529846
0.6448084
-0.74228966
0.1932191
0.78048205
-0.84358656
-0.37482566
-0.25240445
0.60618937
-0.85954756
-0.058278203
0.94420975
0.35966274
-0.6766311
0.52829975
-0.64724207
-0.5285414
-0.40164432
-0.50553167
0.7617184
0.85327804
-0.67570794
-0.35132104
-0.60834503
-0.07137108
0.5725943
0.7390593
-0.18146783
-0.2921388
-0.8457185
-0.814993
-0.9376688
0.42499802
-0.837932
-0.5003303
0.24414134
-0.23100372
0.056673855
-0.4342027
0.5352044
0.5033104
0.13951097
-0.48316112
0.59228164
0.7472989
1.0214559
0.76775956
0.7092531
-0.4695863
-0.32217017
0.5900818
-0.1023764
-0.9083861
0.5426917
-0.8859737
-1.0008626
-0.10848513
-0.72892225
0.15172008
-0.7387086
-0.5317227
0.105591
-0.80756605
-0.43311423
0.14841834
0.24376962
-0.3448016
-0.7806394
-0.6695115
0.9819078
0.62544394
-0.22898915
-0.28572336
0.42144203
-0.13365608
0.32392198
-0.6695961
0.7301893
-0.78179544
-0.03158246
0.67476386
0.5007373
-0.5753665
0.5162397
-0.5314261
0.57746935
-0.61217254
-0.08843672
0.28679687
0.97687274
0.86419094
0.081772804
-1.0427341
0.45747292
-0.18184912
-0.60065925
0.5927981
-0.06767404
-0.9371934
-1.0021423
0.5903276
0.3790218
0.013285965
-1.1291171
-0.56341
-0.6128534
0.6470852
-0.8263744
-0.060304552
-0.35650662
0.27423495
0.90432703
-0.37274256
-0.31939238
-0.32046756
-0.35807404
0.61811066
-1.1322117
0.082252994
-0.7507442
0.53416646
0.21700275
0.040714815
-1.1193438
0.5040809
-0.6242871
-0.92478204
-0.872748
-0.013111964
0.40783185
0.56526244
0.31064785
-0.76334846
-0.7081299
0.666318
0.26419836
-0.37855935
0.7772453
-0.11232753
0.015883736
0.6054452
-0.19371955
-0.9802703
0.042383246
-0.4137565
0.27824205
0.22292534
0.032161772
-1.0413144
-0.14743802
-0.9139242
0.6504482
0.72396946
-0.14617452
-0.3862911
0.2553619
-0.021181002
0.124461114
0.46325853
-0.79340327
0.73637444
-0.21086855
-0.6076094
0.34445933
-0.06781952
0.60866475
-0.37541094
-0.66853666
-0.18568766
-0.4549299
-0.18358898
-0.20952493
0.14526139
0.7424574
0.13339278
-0.71083176
-0.1986593
-0.39560837
-0.7723574
-0.92288125
0.4971185
-0.057246476
0.77106595
-0.14675608
-0.7546799
-0.30322382
0.5814718
-0.37075827
0.8286654
0.050290436
-0.28047168
0.46380904
0.57375866
-0.54821426
0.3903459
0.5002794
-0.124540776
0.3180662
-0.25839648
0.064818755
0.6724098
0.5097742
-0.26189953
0.93431145
-0.91572887
-0.6866746
0.78899825
-0.59332764
0.74038434
-0.73855734
0.25896508
-0.16058494
-0.84319806
1.0461422
-0.55815744
-0.19660285
0.67935526
0.17172655
0.5468185
-0.70407754
0.98213905
0.213642
0.96446574
0.98691523
-0.5877174
0.35377502
0.49758533
-0.9911946
0.9299563
0.6348475
-0.15253296
0.09150252
0.29928777
-0.11333594
0.4331605
-0.2770572
-0.17641446
-0.651366
-0.7024251
-0.35259968
0.14171225
-0.56041616
-0.006718427
-0.11838561
-0.62607944
0.23756313
-0.04788637
0.2577698
-0.4910136
-0.21160528
0.16644835
-0.78619325
0.6675877
-0.30972016
0.21490651
-0.7377024
0.016143441
0.23118332
-0.32949734
0.7390268
-0.13829939
0.44307408
0.98761606
-0.043119237
-0.95893323
0.36249077
0.96362764
0.47931308
-0.09289056
0.73913705
-0.22052532
-1.047475
0.70155835
0.07415019
1.0251378
0.8545575
0.031382628
-0.54046
0.3836734
0.026248291
0.9131839
-0.282349
-0.9432037
-0.25502753
-0.050267413
0.2696883
0.72840476
-1.0037547
0.3782298
0.07385703
-0.31101766
0.30905598
-0.44932973
-0.7883788
0.2325745
-0.89894646
0.7280408
-0.32403648
-0.80082464
-0.5206724
0.057090014
0.39020824
-0.51754606
0.61461616
-0.45703048
-0.69134516
0.17453226
0.76879346
-0.39363328
0.007916555
0.64944905
-0.897827
0.5311444
-0.27635312
1.1567522
0.08159286
0.295776
-1.0109799
-0.9519672
-0.62048554
0.2729931
-0.38470644
-0.41677594
-0.012110561
-0.26059735
0.08717322
0.29910535
-0.85184497
-1.0345078
0.02913342
-0.5005121
-0.47009942
-0.6395793
-0.77709836
-0.4896206
-0.5654936
-0.48570055
-0.64032805
0.6925771
0.34889394
0.24612898
-0.18132506
0.3934588
-0.58279395
-0.7547394
0.53975475
0.41960895
-0.9974408
0.32544163
-0.13554248
-0.14598256
0.18531087
0.76495516
0.50329787
0.6113745
-0.7805284
0.8013168
0.6479301
0.6639353
-0.44063976
-0.4028027
1.0423305
0.32189736
0.20479628
-0.7049297
-0.20762943
-0.10151014
0.15853602
-0.15032738
-0.18897483
0.16723573
-0.5434968
-0.23150416
0.77949786
-0.14375605
0.85393894
-0.33083236
-0.86998355
-0.62619376
-0.4760229
-1.1024978
-0.19013648
-0.6042402
-0.41607162
0.5157835
-0.24630326
0.06799519
-0.61403525
-1.1603379
-0.9444344
-0.73191357
-1.2371066
-0.1617725
0.47199318
-0.19648618
-0.48018706
0.7746061
0.55791223
-0.103276104
-1.0128722
0.10246028
1.0042803
-0.5036843
-0.010340884
0.44910324
0.48944068
0.2520427
-0.06509146
-0.36097193
0.9939616
-0.77091384
-0.09413615
-0.65112895
-0.66263515
-0.7568786
0.53741896
0.6305512
0.3046664
-0.152924
0.50505567
0.97649467
0.5747268
0.46630064
-0.6781291
0.019879162
0.47915357
-0.6178645
-1.1125101
0.38498503
-0.41135857
0.7278727
-1.0158832
-1.0265013
-0.5130592
-0.2213836
0.6037992
0.50679845
0.8502791
-0.64932644
-0.034547433
-0.08359502
0.28097382
-0.8083918
-0.21726239
-0.79536
-0.9024521
-0.022731971
0.43192315
-0.6549144
0.07311885
0.8318354
-0.051525205
0.6974944
-0.06360955
-0.82700294
-0.8767661
0.3114781
0.038060635
0.5361703
-0.18546975
0.237327
0.7260288
1.0222013
0.20114432
-0.16086859
0.30185202
0.42345005
0.8403325
-0.527894
-0.14063433
0.32882965
0.6287036
0.604784
-0.49447724
0.30185837
0.56277335
0.16681305
0.156062
0.57899123
-0.49372926
0.27860886
-0.113470346
0.18962726
0.67260873
0.4544529
-0.053297743
-0.33702758
0.13537306
-0.4552502
-0.90876764
0.63498604
-0.7334683
0.9675009
-1.083591
0.3950067
-0.4328765
0.28843522
-0.20734552
-1.138757
-0.6818201
0.4925721
0.4336951
0.30048952
1.0176334
0.59332144
0.07668969
-1.1887709
0.13289917
-0.41467094
-0.7405869
0.8214677
0.4969356
-0.6750954
0.91165984
0.9491855
-0.3598398
0.5392274
-0.71847236
1.0519478
0.96423787
0.03638579
-0.81039524
-0.23213202
-0.16215278
0.75627387
-0.22586066
-0.90405893
0.53392017
1.1642511
-0.16432144
-0.33930385
-0.007356614
-0.7052433
0.40317237
0.6850265
0.5331794
-0.42187098
0.2626893
-0.7140274
0.2456738
0.050883412
-0.15131041
0.22757894
0.40480447
-0.012904972
0.26133838
-0.45879436
0.08511019
-0.39592624
0.8084365
0.023335055
-1.1040411
0.7265017
0.46563172
-0.86729157
-0.06801079
-0.16951665
0.87373805
0.7401812
-0.63800144
0.29343802
0.122371554
0.21122228
0.9210346
0.7466433
-0.76803714
0.6594505
1.0132941
0.23142645
0.8023364
-0.022447981
0.2782813
0.29411763
0.67296433
-0.08616709
0.7961381
0.21048278
0.7424816
-0.3198264
0.5572947
-0.56426054
1.0980167
-0.26771474
0.5900818
-0.7514405
0.057581797
0.6059278
-0.7493682
0.5219518
0.17415969
-0.47729787
-0.76378703
0.20961863
0.90127826
-0.20178607
0.65912944
0.89302707
-0.892058
0.1428887
0.28925368
0.07610409
0.70163536
0.04663168
-0.008820221
-0.086471274
-0.76115817
0.015248895
0.55369925
0.7598716
0.8659682
-0.005470179
0.39971194
-0.025280982
0.31200567
0.9061414
1.0243745
-0.6845088
0.052593023
-0.73797524
-0.6469791
-0.505997
-0.018430278
0.99861455
-0.87430686
-0.5294566
-0.5890045
0.9276036
-0.033382177
0.3292032
-0.80226374
-1.0869231
-0.21557033
0.28907073
-0.6973252
1.0771556
-0.25970706
-0.4440253
-0.82523
0.6621829
-0.60119325
-0.35257795
0.9321495
-0.7216693
0.43893155
0.7302687
-0.6969378
-0.21469988
0.2255055
-0.55733424
-0.38297075
0.69935215
-0.2253823
-0.25100425
-0.30633947
0.074703485
0.09273273
0.47352946
0.24108472
0.45485386
0.9205382
-0.08091766
-0.9487229
-0.3585262
0.9837923
0.72239363
-1.1312611
0.7891528
-0.9289145
-0.2455697
0.40097183
-0.72596943
-0.19570366
-0.73272127
-0.9884124
-0.8576677
0.48242846
0.9016443
-1.0075096
0.3600856
-0.58396363
-0.7116568
0.12531018
0.63977385
0.44556698
-0.43796954
-0.25922817
0.46147978
-0.7362018
-0.020488381
0.68011254
-0.060209453
-0.30024046
0.4003333
-0.08619833
-0.25208485
-0.80701923
-1.0110971
0.24774712
0.40790963
0.4084825
-0.6380044
-0.5613162
-0.5410179
0.5679767
0.2518999
0.9418828
-0.036804304
-0.7755677
0.47800303
0.30304617
-0.40122736
-0.50126547
-0.87246156
0.06979963
-0.2938199
-0.029223584
0.3400227
-0.68846005
0.25139886
-0.10946092
0.9239064
-0.3385008
-0.38664716
0.54036945
0.9864662
0.77475256
-0.7635901
-0.82507706
0.034385532
-0.6657159
0.13724928
0.24361089
0.83346117
0.40294924
0.6446701
-0.2869219
1.1393663
0.5681391
-0.58120656
0.19913363
0.99498737
0.6873416
0.07335938
0.55229604
-0.82047987
-0.29121897
-0.47355542
-1.0980513
0.48068786
0.6987492
-0.27813208
-0.4785501
0.41941392
0.6073762
0.21748191
0.40755132
0.94724643
-1.0330075
-1.0550333
-0.085717976
-0.4555687
0.26553312
-0.53308845
-1.0087682
0.33529583
-0.62448037
-0.6997148
-0.83232194
-0.8431432
0.20689246
0.6920202
-0.21863553
0.8170049
-0.18490718
1.1784151
-1.028125
0.27373874
-0.22729564
-0.40975955
-0.39099318
-0.88114166
-0.46324626
0.572707
-0.27839467
0.15370385
0.31617373
0.6557783
-0.20335495
-0.14267404
-0.85092896
-0.0658299
-0.03229943
-0.3741526
-0.043652654
0.439703
-0.43030813
-0.9004265
-0.014582217
-0.8780737
-1.1086757
0.44801015
0.73018634
-0.5178193
0.11777043
0.571558
0.14825779
-0.08002263
-0.57155293
0.578095
-0.7453219
-0.2973155
-0.45304188
0.637534
-0.56820667
-0.69150835
0.39085454
0.34755093
0.80246556
0.7013799
0.4439067
0.4892335
0.61531234
0.52214456
-0.6004461
0.51179355
-0.5336917
0.42919266
0.29668185
0.21214445
0.5217376
-0.94920754
0.367001
-0.43063864
-1.0464772
0.3187509
-0.7906171
0.12361716
0.37015226
-0.26479667
-0.81579006
0.19254257
0.70404613
-0.1494963
-0.034871936
0.02253227
0.9189271
-0.29810154
0.11905232
0.62681997
-0.28662375
-0.64639664
0.115826994
0.13564342
0.47408065
1.0913267
-0.06857867
0.69347143
-0.15018488
0.8101451
0.00809671
0.4928363
0.44780305
0.88037604
0.8536508
-0.4668917
0.931947
-0.09173845
-0.5818449
-0.16169351
-0.007818326
0.8526783
-0.42809412
0.9181651
0.50929004
0.93865204
0.69570255
0.1773164
0.7493533
0.6581085
0.29883227
-0.26728848
-0.9230244
0.7310469
-0.47342348
-0.70982015
0.49964407
0.70534146
0.6925773
0.4880551
-0.3586216
0.6806751
0.023922816
0.543857
0.023339525
0.26419392
0.7577687
0.5854534
-0.8219696
-0.12923059
-0.08990586
0.47531667
0.8196831
-0.26220185
0.17913157
-0.30567548
0.6675604
0.4590603
-0.9435288
-1.0085489
0.5112599
0.285264
-0.14832781
0.2533001
-0.10990453
0.8717271
0.94455814
-0.19115645
0.7257445
-0.8719976
-0.19166088
-1.125087
-0.8519434
-0.16216776
0.36085072
-0.7217573
-0.031591706
-1.0006562
1.0220903
0.34893003
0.9920652
0.6883439
-0.6681254
0.7567221
-0.007608434
-0.05246512
0.22304514
0.6590607
-0.51272964
0.43342873
0.6529106
0.7920742
-0.4995132
-0.95557135
0.7477219
-0.337885
-0.25385404
-0.7277849
-0.10489699
0.14712177
-0.68882453
0.16427362
-0.65504044
0.79294837
0.12959053
0.049907785
0.7596195
-0.31988645
-0.51750624
1.005178
1.005182
0.041286573
-0.5200615
1.0921474
-0.7328994
-0.2449202
-0.113542855
-0.30829918
0.1972821
0.6859512
1.030252
-0.7730408
-0.785283
0.021008275
-0.6636888
-0.027986228
0.41610244
-0.8526008
-0.6598451
0.3638984
0.4468241
0.588485
-0.77043307
-0.44296646
0.9585695
0.2808455
-0.4027117
-0.93599176
0.12644637
-0.11788438
0.23985589
-0.72203827
-0.32835624
-0.606338
-0.2822311
0.3945584
0.45739847
-0.19045788
-0.05925262
0.960734
0.6996285
1.0620599
-0.7676703
0.683375
-0.51949394
-0.7364907
0.7949915
-0.6778977
0.47344574
-0.72980314
0.1187346
-0.075064786
-0.4552135
-0.6468621
0.28720647
-0.8164742
0.21455497
-0.32940993
0.85175973
-0.090349
-0.5092335
-0.20308788
-0.13475285
0.36637476
-0.038628243
0.70989573
-0.7643959
-0.55020064
-0.60762095
0.39669034
-0.11069472
0.99058586
0.7121714
0.89768535
-0.07791394
-0.4172197
0.33709392
0.7538585
0.58590126
-0.22641912
-0.20702296
-0.8468724
-0.41768304
-0.7219799
-0.44265556
0.49921373
0.46524736
0.41974658
-0.5906059
-0.075961046
-0.089445524
-0.26708078
0.03519085
0.2073736
-0.920762
-0.03387466
0.8465366
0.70808256
0.43650824
-0.46268886
-0.998145
0.9976397
0.53937644
0.11352738
0.51079136
-0.73443663
0.9544885
0.491553
-0.52855694
0.4895212
0.5957677
-0.6597484
-0.995812
-0.040542256
0.32635376
-0.35338095
0.9915218
0.96839553
-0.08852123
-0.24139935
-0.30037957
-0.41605687
0.80961555
-0.064812206
0.14331812
-0.8036691
0.6062276
-0.2899752
0.47506657
0.5165762
-0.24388254
-0.7282185
0.46603432
0.27940157
-0.16001263
-0.5562044
-0.025763702
0.6515704
-0.03589359
-0.76565903
-0.8880066
0.082153164
0.99554133
0.18189193
-0.27532545
-0.6022241
0.09606163
0.7951672
-0.13156311
0.48245436
-0.25113854
0.7581009
0.4541317
0.7276929
0.03365764
0.9302084
-0.019701477
-0.3106214
0.28061125
0.92115813
0.6297945
0.0979757
0.19295995
0.070680425
0.81987256
-0.9212067
0.60256904
0.32331604
0.1857262
-0.153778
0.7494818
-0.38944495
-0.32814905
-0.96148133
-0.26629505
0.19500196
-0.17395161
0.5484916
0.6307515
-0.82291734
-0.7553611
-0.23847878
-0.39380333
0.68930155
0.17882536
0.31482744
-0.75995916
0.09780537
0.60081935
0.97952574
0.16442983
0.74367267
0.57592106
0.5193881
0.17244208
-0.7006379
-0.8062522
0.9935314
0.17848268
0.15359843
0.024261596
0.63962823
0.47649464
-0.7345227
0.08271978
0.42692262
0.64205205
-0.7254614
0.11657844
0.80784696
0.15316112
0.86688787
-0.7794826
-0.46082082
0.2906522
-0.90067124
-0.8060777
0.35111663
0.10357727
-0.19861923
0.29440185
0.2673828
0.9083882
0.18494318
-0.93793046
-0.099213876
0.43393338
0.079157196
0.21116185
0.46119425
-0.7393368
0.16266453
0.4967786
0.3004146
0.295579
0.81899196
0.24144906
0.47675046
0.03381445
0.3095494
0.009208651
-0.2775594
0.922752
0.7034333
-0.01879989
0.7272717
-0.1567213
-0.14322408
-0.19183718
-0.4517545
-0.8648221
-0.96881306
0.85210544
-0.49037454
-0.04153041
0.62916243
-0.09062914
0.69743043
0.26996318
0.7569978
0.7751139
0.40532532
0.3442535
0.044523306
-0.8485556
-0.67289424
-0.67678875
0.5906764
-0.38484687
0.60942614
-0.07776511
0.8828459
0.98803985
-0.8919617
-0.16114025
-0.28695425
0.61537
-0.04417889
0.27106857
0.6039752
-0.31881425
0.5488487
-0.035726625
-0.97295374
0.7949132
0.15572985
0.036307618
-0.0040070154
0.9465952
0.25235847
-0.020498473
-0.018191345
-0.49574223
0.8809844
0.71116066
-0.3525803
0.37847203
-0.79499185
-0.40993708
-0.8768287
-0.8179293
-0.6954153
-0.6682245
0.1760782
-0.12466734
-0.7906409
0.47102836
-0.7223675
-0.19167864
0.9589427
-0.6999709
-0.18645947
-0.45303336
0.45466328
-0.81864125
-0.32871026
0.2793541
0.035502564
0.11874082
0.23851791
-0.9283042
0.47006822
0.7954126
0.13645804
-0.15023199
-0.4680714
-0.70546067
-0.44679064
0.026741266
-0.7072639
0.82489145
0.8242948
-0.71080786
-0.4852934
-0.17700624
0.7083324
-0.16446751
0.21113734
0.18583626
-0.65355784
-0.36826646
0.057813164
-0.89806044
0.02832423
0.2857116
0.41871598
0.39464203
0.33846495
-0.81473684
-0.14994141
-0.058275606
-0.32309836
0.9808842
-0.90898985
-0.57931376
0.50216126
-0.59134334
-0.49127695
0.18244745
-0.6673264
-0.37408507
0.083194025
0.87286466
-0.66342974
0.7404041
-0.29316923
0.61701614
0.88837373
-0.33778563
-0.913716
-0.87051296
-0.34375623
0.5143487
-0.7436323
-0.750699
0.74301946
0.43858266
-0.1904384
-0.72975916
0.48607773
-0.74370307
-0.6326944
0.16363691
-0.5771266
-0.6854263
-0.0771048
0.64584225
-0.8538645
-0.8692821
-0.93932307
-0.39640668
-0.52589774
0.5859667
0.37448356
-0.9149012
0.4530517
0.92636585
-0.9944085
0.31888115
0.2570393
0.14328352
-0.94881624
-0.7277607
0.7439784
-0.33677027
-0.005621004
0.37733266
-0.92142993
0.4919312
0.14447331
-0.23202969
0.44330114
-0.3035544
-0.6859079
-0.7755976
-0.82173866
0.47824836
-0.06920058
-0.30602294
0.64134055
-0.40517846
-0.7115005
-0.21048385
-0.021146897
0.5397475
-0.36631635
0.02997943
-0.66058064
-0.35162544
0.56411016
0.21646403
0.47648343
0.4466861
-0.008487745
0.22074111
-0.7003226
0.85998726
-0.8690904
-0.59205544
-0.3449051
0.19184819
-0.49544716
-0.44864875
0.9700545
-0.23081781
0.55476207
0.09602185
-0.41926348
0.80612236
0.16374855
0.34469497
-0.7957053
0.0154550895
0.04151987
0.71238524
-0.040376894
0.49284038
-0.10821744
0.37129277
-0.77965194
0.15466297
0.751805
0.7942841
0.4822627
-0.98500305
0.47479284
0.8970617
0.027351156
0.020458516
0.9278292
-0.83430797
-0.6954614
0.31127954
-0.13482858
0.12548
0.77060467
0.34799477
0.82938886
-0.3214376
-0.67290324
0.45403272
-0.02704807
-0.6344409
0.6066583
0.073264085
0.416695
-0.62570906
0.0030226137
0.21665275
0.29813072
0.98208153
0.6143524
0.6131104
0.35679615
-0.31751254
0.47562933
-0.21553613
-0.4532438
-0.086448565
-0.30656886
-0.19662847
-0.4572963
0.86992276
-0.6220021
-0.92682123
-0.9237464
-0.9731517
-0.94552165
-0.4445846
-0.79652816
-0.9108835
0.49192598
-0.771539
-0.9558287
0.25986624
-0.0981796
0.5917437
0.6908624
-0.29354268
0.6659692
0.7388296
-0.6173352
0.7428108
0.74593896
0.54854155
-0.12160631
-0.14732307
0.48846945
-0.055519603
-0.39024305
-0.19732682
0.86075443
-0.43612376
0.11081768
-0.5266684
-0.10195883
-0.65172726
-0.5626706
-0.5442137
0.3086918
0.27091038
-0.7376748
0.59215635
-0.32260633
0.63575834
0.12376152
-0.4021745
0.37610176
0.42217055
-0.72581935
-0.5625981
-0.93459666
0.98198164
0.34195694
0.28444487
-0.53430206
0.23574474
-0.04525742
0.24711306
-0.60452926
-0.9942869
-0.83816594
0.22061802
0.058600135
0.101044334
-0.96610945
-0.38303325
0.30428165
-0.7562659
0.15809104
0.45053282
-0.43538707
-0.31885803
0.5587341
0.36917382
-0.04473094
0.2544061
0.21119043
0.11644661
-0.8224087
0.4815395
-0.8284876
-0.35858738
-0.9324032
0.4193712
0.9276597
-0.3697986
0.34641
0.056288388
0.15394846
-0.49846405
0.9783654
0.61581504
0.31322065
0.095321566
-0.0024849991
-0.44019145
-0.30976003
-0.054129545
0.14800394
0.94346434
0.4239855
0.7969359
-0.17328674
-0.49112093
-0.3308986
0.9209511
0.16144124
0.23008972
0.051552832
-0.54829687
-0.70657855
0.20315616
0.51793426
0.6304917
0.48928556
0.16937855
-0.24027766
0.96992403
-0.80713415
0.6980212
0.3818845
0.28720784
-0.3449466
0.44738534
-0.008529928
-0.020821815
0.9052711
-0.5029923
-0.53060675
-0.08152498
-0.42651492
0.6356146
0.2995584
-0.37260827
0.2368402
0.2844347
0.052522756
-0.7002031
0.60617465
-0.39684576
0.9428252
0.55426437
0.8664515
-0.56424785
0.7799929
0.3967243
0.53815067
0.6964829
-0.08039716
0.018319467
0.05431055
0.8372359
0.05637287
0.02083203
0.8210354
0.52572596
0.1352881
-0.44702145
-0.53475827
-0.2454291
-0.942831
0.8288593
-0.6562861
-0.7723372
0.042714678
-0.89124185
-0.26687178
-0.07867814
0.670037
-0.4844699
0.9960443
-0.36348286
0.8763324
-0.5865038
-0.6949729
-0.3244308
0.5754077
0.95333004
-0.36512288
-0.90376496
-0.33838245
-0.66543
-0.34568983
0.023055691
-0.07514402
-0.021207018
0.083434284
0.17727812
0.97793156
-0.7389048
-0.97956645
-0.47190356
-0.63835555
0.49689558
-0.12154939
-0.47675768
0.46189663
-0.495041
-0.08410037
-0.8977722
-0.76949304
0.9476265
-0.77098495
-0.81829613
0.8654273
-0.25756326
0.3069261
0.4514532
-0.8642626
-0.89225364
0.65444887
-0.3159466
0.34256455
0.2595981
-0.3613443
0.513991
-0.79481983
-0.9654176
-0.57841647
0.6096138
0.06088466
0.9734653
0.1265621
-0.80103517
-0.64857095
-0.13186783
-0.6436012
-0.20056334
-0.54449844
-0.8431157
0.31931195
-0.18493138
-0.46326166
-0.02618761
0.16160697
-0.51598614
-0.23279136
0.08672193
-0.52677345
0.5800417
0.90910214
0.18852177
-0.7212672
-0.28727227
-0.44898605
0.5879506
-0.17852134
-0.67344475
-0.96449375
0.41790572
0.21302342
-0.658286
0.7617782
-0.85078025
0.48025537
-0.13760915
-0.49237096
0.5981769
-0.6469755
0.9887802
-0.14050336
-0.7487884
-0.008554304
-0.07148917
-0.40783706
-0.4849996
0.842276
0.46507263
0.82441056
-0.600177
0.79848844
0.7821309
0.28788564
0.8786867
0.9148024
-0.22163104
0.08285916
0.0007224308
-0.7928073
-0.96776557
-0.8280524
0.04367039
0.8884451
0.4910296
0.97670573
0.046772696
-0.4083638
0.52643126
0.1780906
-0.2395892
-0.40611374
-0.100078456
-0.18345098
-0.21950172
0.45314142
0.5353394
-0.41011173
0.16225742
-0.9685389
0.17913577
0.98314935
0.9538106
0.22092013
-0.24025396
-0.0025527738
0.31350186
0.10171563
-0.6521892
-0.06866584
0.2795111
0.99597836
-0.16909155
-0.7823382
0.74798626
-0.6332552
-0.62097037
-0.5434912
0.073331214
0.43654406
0.7648116
-0.2960168
0.61914945
0.62293404
0.6006738
0.27438435
0.123028785
-0.68383855
0.39157122
0.93437624
-0.42488056
-0.20837423
-0.48313898
-0.4028996
-0.8165646
0.72978085
0.37451267
0.5350892
0.8445303
0.4322022
-0.7903098
-0.30277175
0.10364091
-0.5695574
0.6789641
0.2204963
-0.7262448
0.51356137
-0.419296
-0.015026691
0.9949262
0.5181325
0.70761853
0.20949812
-0.38937432
0.5055008
-0.7489519
0.9620075
0.14421473
-0.36508748
-0.28630713
-0.8469631
0.8560406
0.47906566
-0.62281924
0.8826539
0.153854
-0.15309298
-0.6281204
-0.3273012
-0.7955654
0.46486312
0.33358458
-0.7854164
-0.30456653
0.82024086
-0.098322205
-0.46996543
0.7990845
-0.06357082
0.07173592
0.919381
-0.5249421
-0.52792174
0.9524198
0.19843116
-0.62387615
0.11023041
-0.0064005917
0.015041181
0.10507082
0.14319769
-0.92046297
-0.3947192
0.48810983
0.75070035
0.780089
0.32382017
0.37008747
-0.050268102
0.87364393
0.2723324
0.247737
0.6084558
-0.07172921
-0.69252706
-0.12423466
-0.2156889
0.55126345
0.9661947
0.5243122
0.99931544
0.78084534
0.81545407
-0.95021063
-0.6804935
0.16439483
-0.27759942
-0.32461247
-0.69817924
-0.841657
0.5315913
-0.9234718
-0.3524593
0.28018984
-0.092928134
-0.58228797
0.6962622
-0.23929556
0.10819879
0.46554202
-0.13372882
0.91401565
0.7899415
0.94957787
0.3691786
-0.7717051
-0.22283489
0.41872934
0.35074687
0.69549257
0.15529615
-0.53951305
0.31329316
-0.087747544
0.74219173
-0.6148789
0.9063526
-0.90697986
-0.8908177
0.19512036
0.3969061
0.5459059
0.36309406
-0.5658705
0.33926305
0.7319601
-0.5949632
0.8644585
0.015896985
0.11223309
-0.8414815
-0.65508866
0.25591952
-0.3063813
0.43649688
-0.21761209
0.83936906
0.7443724
0.41897318
-0.6072696
0.6637993
-0.5342601
0.12797333
0.8649504
-0.9211925
0.5864037
-0.9078922
0.63375187
-0.85990673
0.90497726
0.12219087
0.61943424
-0.5769612
-0.9919692
-0.7350558
0.59018326
0.85362947
-0.57498246
-0.25176254
0.1169549
-0.6728985
-0.118933074
-0.421275
-0.25887066
-0.7312976
-0.21615322
-0.82234144
0.13731492
-0.7808129
0.50926346
-0.5396453
-0.96685547
0.31521794
0.23828457
-0.7305718
0.4474676
0.9703605
0.11711199
0.612221
0.15666683
-0.4732888
-0.48369342
-0.85228014
0.46873415
-0.6756418
0.25812998
-0.16439874
-0.32207108
0.965598
0.10312021
0.8134636
-0.2242542
-0.7072767
-0.3450203
0.60919625
-0.14028771
0.20403443
0.5963639
0.5394924
-0.46120754
-0.8576388
-0.64057094
0.6307125
0.74123317
-0.5911429
-0.8206873
-0.575158
0.0020232464
0.23237473
0.538643
0.036932793
-0.96815294
0.70739573
-0.26966184
0.38387564
0.25623038
-0.79394406
0.3278615
0.013377129
-0.27417627
0.7320268
0.5271559
-0.06826547
0.04751994
0.90957105
0.7063025
0.042904694
-0.50947523
-0.2600664
-0.28444976
0.019485947
0.47761872
-0.09532422
0.8832525
0.8773088
0.61223596
0.82142097
-0.68373156
0.90855193
0.16281748
0.3476411
-0.32157576
0.35844082
-0.05243311
0.18416438
-0.43957895
0.6289003
0.14256269
-0.04105907
-0.373671
0.29023176
0.5226481
0.9671389
0.53767073
0.81911933
0.4677988
-0.36140946
0.76172966
0.30461723
-0.8512339
-0.8432203
0.11677644
0.7147315
-0.021486644
0.93301094
-0.98230386
0.83999103
-0.86232495
-0.75264704
-0.25689143
0.76115686
-0.22476779
0.08853805
-0.19885765
0.45643407
-0.67769885
0.11748749
-0.63236827
-0.61599874
-0.79303646
0.97766834
0.35092574
0.92265
-0.67020017
-0.65953374
-0.7031118
-0.03730636
-0.5529963
0.8934864
0.41596198
0.6022857
-0.2931469
0.74503446
-0.6439787
0.62568706
0.2544924
0.98593473
0.19847478
0.35083458
-0.35182005
0.51205385
-0.53448874
-0.5807591
0.11812959
-0.08990598
0.78643095
-0.13601239
-0.9775568
-0.48636806
-0.971232
-0.34499833
0.7005485
0.71745723
-0.45104498
0.5641829
-0.9413022
-0.35367712
-0.94635516
0.14551893
0.4913611
-0.015868176
0.40249923
0.76125443
-0.3080411
0.94697064
0.7765541
-0.76053095
0.98337066
-0.6452394
-0.33599278
-0.26137587
0.77402425
0.06595321
-0.16277282
-0.08772916
-0.5089862
0.23055242
-0.63617885
0.13419825
-0.0053229276
0.7630454
0.5203222
0.5170201
0.7770518
0.20586373
-0.42605695
0.53585494
0.5778988
-0.78194165
0.56338614
0.09640433
0.27179855
0.6217265
0.42434072
-0.5195939
-0.7595329
0.9330082
0.16842215
0.5627416
-0.68574786
-0.623328
0.48426455
0.7619808
-0.44737646
-0.4542591
0.55037594
0.6445416
-0.6103143
-0.9223527
-0.4400001
0.86110175
-0.0014768594
0.82670987
0.5540745
-0.96481156
-0.6165909
0.81551236
-0.08648869
0.82612723
0.07692441
0.3908606
0.44647992
-0.12645139
-0.69320697
0.46320763
0.5723317
-0.9969454
-0.81402993
0.39451376
0.9495993
0.21167633
0.91759175
0.81382704
-0.037511
-0.50810057
-0.7689735
0.6338064
0.035891384
-0.7485858
0.8057487
0.699658
0.6685086
0.8770193
-0.59385604
-0.9016666
-0.40685683
0.3603314
0.9124393
-0.8666099
0.59324276
-0.82918197
-0.56461024
-0.07616607
0.7340688
0.48073837
-0.13184196
-0.8647217
-0.47468576
0.5380334
0.40454412
0.9305736
-0.16625498
-0.17132713
-0.11515751
0.25905392
0.77091694
0.44539168
-0.32013065
-0.35739294
-0.9771076
-0.48005205
0.06337808
0.079574764
-0.16648842
-0.9927727
0.920801
0.49701378
-0.11276335
-0.16470112
-0.42533803
-0.88338757
0.5264882
0.7761052
-0.057389174
0.25608987
-0.9352601
-0.7487339
0.7511948
0.1347376
0.37177125
0.32993373
0.8616067
0.6119209
-0.25267583
-0.9062786
0.266134
-0.67888236
-0.4421088
-0.6177558
0.71536815
-0.97067213
0.37993744
-0.39992046
-0.9754023
-0.23044951
-0.95073795
0.6395011
-0.2905189
0.7140018
0.7368032
-0.81934816
0.91608506
0.4331925
-0.5326657
-0.5493213
0.43888333
0.49892396
0.55066013
-0.96230704
-0.66211987
0.81758976
0.8867626
0.6670875
0.9190519
-0.29513597
0.57810706
0.22495359
-0.20508397
0.67377937
-0.3392528
-0.18725261
0.3718002
0.62616843
0.64836437
-0.038609777
-0.115433834
-0.8783791
-0.2027448
-0.9760553
0.41681784
0.45428917
-0.63189715
0.35278806
-0.063275814
-0.29838514
0.43274713
-0.8039102
-0.53170395
0.79369414
-0.44948545
-0.88075846
-0.30666292
-0.58680546
-0.0323273
0.7830774
0.3421572
-0.06602838
0.14062747
-0.82126486
-0.89661634
-0.28956935
0.11057761
0.22715016
-0.122019894
-0.54021996
-0.6681981
-0.11852335
0.44348717
0.5534602
0.6085007
0.59494364
-0.539162
0.7387545
-0.80019534
0.8522256
-0.39387998
0.0044805426
-0.22239362
0.13216391
-0.49895218
0.15505613
0.39482445
-0.8504086
0.6298069
-0.07092635
-0.5839819
0.16574453
-0.14303254
-0.59327185
0.47353134
0.5020745
-0.22142114
0.5888378
-0.43561977
-0.49259034
-0.1310394
-0.22487351
0.9710031
-0.5841908
0.68467706
0.8976724
0.118088715
-0.6664883
-0.15205249
-0.14765246
0.62785196
0.34566352
-0.42736834
-0.13985048
-0.5151099
-0.07627287
-0.52104807
0.52658933
-0.14489716
-0.90945387
-0.8333814
-0.46642467
-0.5846789
0.8409455
0.31633866
-0.12292585
0.036484923
-0.7942093
0.7382867
-0.40439403
0.7221503
0.38083732
-0.7585522
0.8889329
-0.8419408
0.90677935
-0.6281332
-0.09579096
-0.4490291
-0.005954942
-0.1167426
0.2513951
-0.5077634
0.531777
-0.93038684
0.34950686
0.49901974
-0.42138335
-0.27130127
0.056942277
0.20327535
0.34425074
-0.37651056
0.87713957
0.5823544
-0.47420102
0.673236
-0.99659795
0.4076309
0.77101815
-0.37866604
0.05957128
-0.100970834
-0.75030684
0.24342027
0.26749492
-0.9555697
0.27115732
-0.7637712
0.36948705
0.18692762
0.36778468
0.22182056
0.08644594
-0.05631023
0.70296407
0.1642674
-0.5758829
0.8145146
-0.622446
0.30765605
-0.13784154
0.17931311
0.012782975
-0.74976707
-0.41556758
0.11219592
0.7332531
0.2802885
0.63172317
-0.91091305
0.2304254
-0.62861896
-0.5514577
0.9126658
-0.011416049
-0.28458542
-0.81389457
0.6230838
-0.38450974
-0.20841652
-0.3446546
-0.04973889
0.6478212
0.7000288
0.75880665
-0.43367985
-0.5128012
0.095546655
0.75970745
0.8581016
-0.06608122
-0.14819428
-0.53110355
0.32781333
0.82177144
0.6352337
0.43978083
-0.09920673
0.5510588
-0.66004026
-0.19341989
-0.965938
-0.11585844
0.272722
-0.6060526
0.70881546
0.09649307
-0.95313555
0.34349164
-0.25068244
0.5660834
0.28673458
-0.35659197
0.81317604
0.6327585
0.36335927
-0.9603721
-0.15307774
-0.24289168
0.6961745
-0.3047332
-0.9749081
0.28248686
-0.44847855
-0.47535306
-0.8187716
0.41773534
-0.15927242
-0.8648742
-0.94861966
-0.5983067
0.9990591
-0.26201287
-0.5884409
-0.5513019
-0.5096822
0.41748285
-0.783597
0.32392707
-0.5642385
0.72887385
0.21811178
0.40143406
0.84533554
0.55462366
0.43971506
-0.5462212
-0.8397024
-0.86847544
0.2683146
0.38034987
-0.35919207
0.121985406
-0.9203819
0.35833624
-0.4470548
-0.13099895
0.6788306
0.19179682
-0.6716848
0.32607087
-0.23262943
0.9386405
-0.3860572
0.32928738
0.095411494
-0.48285592
-0.107239045
0.90629256
-0.40205127
0.4543344
-0.60396385
0.68311465
-0.6701009
-0.3539823
0.65290993
-0.23057924
-0.5498439
-0.33107617
-0.30001333
0.1652739
-0.71798027
-0.6689937
-0.4124745
-0.47768542
-0.6338447
0.23591657
-0.6221224
0.37905833
0.48338178
-0.31707564
0.29971838
0.343491
-0.3003298
0.51406485
0.623848
0.5998231
0.32606032
0.8740659
-0.78891313
0.7501558
0.9941067
0.4763755
-0.7582872
0.6961583
-0.29351464
-0.27514616
0.6210218
-0.17996709
-0.85567653
-0.32257104
-0.042969696
-0.59251595
-0.9805431
0.521699
-0.95894605
-0.3598952
0.78650653
-0.8570433
0.78492045
0.5353251
-0.11220837
-0.45599058
-0.68302107
0.68985265
-0.939561
-0.39902797
0.21880579
0.12675434
0.011262718
0.8804904
0.8826676
0.3282713
0.08918096
0.9650598
0.9175915
-0.45547518
-0.058024283
-0.37843385
-0.2449245
0.7929518
-0.110078216
-0.02516029
-0.24120586
-0.6123832
0.31244066
0.7115082
-0.6727031
-0.7361836
0.066239074
-0.5907576
-0.40678543
0.7154987
-0.68620133
0.71040964
-0.9743277
-0.49078447
0.22766565
-0.7870993
0.4446525
-0.58772683
0.18927236
0.91783804
0.5356558
0.4945738
-0.6439192
0.40647408
-0.8812188
-0.9393556
-0.75428796
0.16763178
-0.9094211
0.67397296
0.56582063
-0.25026423
-0.17739943
-0.9954508
-0.69558
-0.18364851
-0.023116205
-0.7873618
-0.70379627
-0.2707804
0.36593124
0.16312942
0.18556459
-0.8198051
-0.892949
0.41873077
-0.45696238
0.65659285
0.45862672
0.3630029
-0.8717938
0.9318804
0.010810881
-0.87469643
0.14490396
0.21403465
-0.20472112
0.48910964
0.026945682
0.4569315
-0.9956289
0.7999091
0.48765278
0.8677491
-0.6589897
-0.586099
-0.1807281
0.7816441
-0.6760375
-0.9947375
-0.82195073
0.08766959
-0.51039696
0.51056963
0.6660534
-0.6548998
-0.6529665
0.93028075
-0.7139678
-0.68431145
-0.96074075
-0.9838159
0.3262507
0.4615217
-0.54172444
0.08253211
0.9930457
-0.28808796
0.61253005
-0.9443382
0.27122715
0.33655205
-0.49259993
0.7129207
0.76455986
-0.25064975
0.8869537
-0.8747544
0.10869202
-0.5988326
0.7643289
0.35884863
0.05591178
0.51151645
-0.43667546
-0.28990278
-0.68235564
-0.55229324
0.36165866
0.7882156
0.0588403
0.33352974
-0.28292266
-0.25593314
-0.6815146
-0.026809724
-0.5804373
0.47838414
0.0660212
-0.6835141
0.6318149
-0.27320734
-0.7755108
-0.005970231
0.042746298
0.7351028
0.037279204
-0.0070978994
0.6895578
-0.6535818
0.4680548
0.38554522
0.373041
-0.19866978
-0.3071205
-0.109117806
-0.13304153
0.0463901
-0.8900794
0.66848654
0.3164573
-0.80518925
-0.09354192
-0.69580764
0.85793036
0.7253389
-0.37106445
-0.92442626
0.13287841
-0.8969145
-0.25108936
-0.13076387
-0.263202
0.5364033
0.2561707
0.06275153
-0.83493614
0.16284434
-0.8257477
0.9421425
-0.974507
0.7983119
-0.5706834
-0.51046705
0.62707007
0.5025956
-0.75344336
-0.36392578
0.27694753
-0.7192644
-0.90531135
-0.6010539
-0.9929489
-0.8686293
0.060297403
0.8427663
0.43698874
0.42697668
-0.6951227
0.6213822
0.23371874
-0.39103806
-0.76893014
-0.96277493
-0.070879914
0.15808904
0.9212907
-0.83798337
-0.2550154
-0.6616826
0.6416047
0.53122085
-0.9557612
-0.9665681
0.32274428
-0.91436696
0.31994984
-0.6471944
-0.17651746
-0.07147749
0.093107924
0.2292682
-0.9058971
-0.54580885
0.0056655686
0.3652027
0.063143335
0.9106859
0.5454837
-0.8313008
0.71221554
0.7223557
0.48860976
-0.9848389
-0.14125328
-0.8933512
-0.11887225
-0.33133942
0.72334135
-0.548471
0.030710625
-0.4409805
-0.83362585
-0.28844383
0.9831623
-0.02481627
0.5134486
-0.48388597
0.7567621
-0.31399453
-0.61666304
-0.44659206
0.21271144
-0.115197
0.8826703
-0.038080014
-0.11903705
-0.15602282
0.02508217
-0.06946391
0.6367994
-0.837365
-0.40018198
-0.94107765
-0.8590598
-0.93812037
-0.525793
-0.5073377
-0.6983753
0.40308207
-0.034859613
0.50639313
-0.6662962
-0.3889808
0.82800955
-0.18571065
0.005418243
-0.95356786
-0.91744137
-0.97287416
0.8640432
-0.808916
-0.6587941
0.8680072
-0.56073844
-0.34280664
-0.41857478
-0.5110139
-0.8584409
-0.0005746751
-0.46288446
-0.7899238
0.35240796
-0.6634826
-0.9704793
0.8723976
0.2793465
-0.22737548
0.42634484
-0.4977041
0.046573285
0.9830399
-0.3598928
-0.23228948
-0.6326709
-0.21334292
0.88082963
0.84420043
0.010878043
-0.97596663
0.19988753
0.5903283
0.21835482
0.92819303
-0.9073306
0.60568327
-0.9913399
-0.7732269
-0.10468492
0.9134619
-0.7368105
0.5011218
-0.76721394
-0.37833625
-0.048994068
-0.784186
-0.4637341
-0.7138313
0.7710844
0.8803145
-0.30307844
0.69745326
0.61639625
-0.765457
0.82971364
-0.33106372
-0.45502532
0.85540223
0.5769617
-0.36895585
-0.11860302
-0.18687077
-0.84465533
-0.10970858
-0.76502377
0.55907583
-0.06779401
0.8967299
-0.72544336
-0.50921065
-0.015820209
-0.6229156
-0.21556467
0.1296245
0.88656354
0.3270464
-0.43764338
0.05662722
0.060112324
0.19822925
-0.23978402
-0.93680805
-0.44708472
-0.41698456
-0.13605851
0.37998155
0.04562105
-0.5582929
-0.1438577
-0.2971718
-0.2482021
0.9370657
-0.44835237
0.16707855
-0.56353873
0.05573439
0.4259052
-0.9581531
0.32133645
0.3428569
-0.15823895
-0.44201303
0.33039385
-0.6551436
0.9869486
0.6447757
0.525201
-0.5773539
-0.70727897
0.37811613
-0.8627949
-0.73983026
0.3221901
-0.7604294
0.42468578
0.5935606
0.73564696
-0.8651814
-0.614141
-0.2527403
-0.6041005
0.85814077
0.93943894
-0.49118155
0.51073426
0.25669944
0.41155228
0.13070332
-0.86027163
0.6286227
0.06281371
0.64709973
0.9761399
-0.8516673
-0.60159564
0.19419725
-0.7212082
-0.9283199
-6.450259E-05
0.38671413
-0.74437374
0.31084484
-0.56857145
-0.24956515
-0.9770148
-0.6959261
0.405068
-0.5366482
0.967519
0.5408998
0.22018763
0.11334468
0.6335154
-0.4453999
0.18592066
0.11720376
0.38113034
0.55091393
0.33012733
0.25731996
0.2866273
0.504934
-0.26721346
0.99406534
0.7964324
-0.665497
-0.8007997
-0.3115778
-0.5344398
0.2621888
-0.3017959
-0.5891407
0.1935921
-0.3836646
-0.8777759
-0.85835814
-0.7435583
-0.30649132
0.1550693
-0.2943946
-0.16472392
-0.08605439
0.82589257
-0.07825445
-0.07876961
-0.9539253
-0.7088405
-0.30791435
0.16318421
-0.4109258
-0.30623692
-0.10660703
-0.4500034
-0.035823565
-0.06736081
0.64881027
-0.1845758
0.48421618
0.0015542223
0.8115147
-0.5822045
0.063523896
0.6754629
0.6918278
-0.12760258
-0.66243076
0.19680843
0.6396895
0.5570659
0.07125389
0.8549419
-0.09087814
0.5611793
0.13309053
0.9236477
-0.8700828
0.4904616
0.3329263
0.67984945
-0.66526777
0.12640798
-0.21159597
0.12501939
-0.9550779
-0.15482505
-0.18032148
0.09355236
0.088281855
-0.5265807
0.84915805
-0.52530366
0.70388234
-0.88197005
-0.95006824
-0.58446336
0.0375159
0.37593397
0.8060628
-0.1905793
0.5766003
0.62087303
0.86576486
0.2723202
0.4902976
-0.09273683
0.8696392
0.49166155
0.76804775
-0.078174196
-0.6364233
-0.3872962
0.6362633
0.79212874
0.97841984
-0.8840989
-0.3349099
-0.17120597
0.7073484
-0.38615838
0.21315773
0.7286382
-0.41980207
-0.2413702
0.16968803
0.30499935
-0.2114284
0.20077442
0.6601259
-0.80085695
0.99291503
-0.8561008
-0.71741146
-0.93601006
-0.20022991
-0.73163116
0.21553947
0.9631813
-0.92755955
0.66766125
0.16070737
0.10588523
-0.0050776685
-0.4835851
0.26509497
0.22992729
-0.176131
0.0061373664
0.17782578
0.41010103
0.7950744
0.25732088
0.778929
-0.2257202
0.5967741
0.4591707
-0.6803961
0.7751793
-0.5717713
-0.54961115
-0.1931965
-0.83514076
-0.13003057
-0.16447368
0.9336455
-0.1999937
-0.33513376
0.007993545
0.9532484
0.54465157
0.51961505
0.7626935
0.33056533
-0.95421743
-0.85801333
-0.49825904
0.8874488
0.11363775
0.83199286
-0.8070798
0.57640076
0.8258518
0.05055666
-0.8612308
-0.70674926
-0.8918332
0.5414929
-0.6446417
0.009938164
0.9813569
0.703102
0.1972534
-0.20615366
0.9286736
0.87631655
-0.13099988
0.7589503
0.26947352
0.1945798
0.88263667
-0.81456095
-0.9430818
-0.93663317
-0.056512583
0.08471499
0.776581
-0.22846961
0.8234147
-0.0074758753
-0.46027046
0.76520914
0.8197182
-0.15201563
-0.0065011047
0.8079324
0.38887006
0.70207983
0.3290337
-0.6157712
-0.09234204
-0.28643858
-0.29778904
-0.09086304
-0.030067611
0.00012094264
0.2785722
0.59586525
0.94156504
-0.73932326
0.8156183
-0.64595497
0.8260296
-0.62353045
-0.38382795
0.7947271
-0.77428526
-0.95941037
0.8374598
0.7682758
0.05601936
0.077181175
-0.29652926
-0.070100464
0.96761453
0.5508118
-0.21822575
-0.3104987
0.5108226
0.55765694
0.39058122
0.13523395
-0.79388154
0.7208465
0.22377545
0.18804315
0.20859738
-0.92017066
-0.83861697
-0.90222293
0.5201081
-0.8352934
0.05999784
-0.94539833
-0.8378303
-0.73550886
-0.5000202
0.7725727
0.7028974
-0.16089119
-0.053430524
-0.44875237
-0.6707213
-0.21880046
-0.6130714
-0.7884974
-0.44057885
0.30331886
-0.52439165
0.37221846
-0.5383377
-0.5622375
0.6053836
-0.45474738
-0.7619548
0.96717834
-0.3203525
-0.64350206
0.22185507
-0.25651988
-0.013786852
0.38277215
0.937133
-0.7872554
-0.96411467
-0.7984514
-0.6002233
0.43032828
-0.98196054
-0.4019828
-0.26928052
0.2358685
-0.573615
-0.25094196
0.9437983
0.5255118
-0.11440216
-0.5427173
-0.553309
-0.25453502
-0.10299918
-0.28792298
0.38032776
0.005032629
0.4953336
-0.54211664
0.2653281
-0.4410676
0.40312812
0.41880387
0.7333512
-0.85980785
0.8445673
-0.07513144
0.15714037
-0.9777466
0.21721612
0.13526914
0.3633198
0.044821393
-0.93366605
0.465901
-0.32443765
-0.02203626
-0.2071422
0.14474514
-0.16070864
0.60644853
-0.016134212
-0.58147436
0.3258564
0.7494922
0.2379513
0.27306843
-0.44306514
-0.26977286
0.06953139
0.080799684
-0.73509365
-0.86530954
0.17636383
0.20280713
0.18145351
0.33691522
-0.42569524
0.5534758
0.43735272
-0.46293324
0.9500554
-0.06692433
0.7578563
0.51224846
0.29991052
-0.5645202
0.81249905
-0.54493195
-0.2084674
0.36743248
0.34514934
-0.5117583
0.9869686
0.5539384
0.4331825
0.11680239
-0.5034323
0.004127924
-0.62387383
0.2590563
-0.19197617
0.72074425
-0.8154756
0.5779278
-0.25650397
-0.07378811
-0.15968537
-0.4047681
-0.3652966
-0.4052857
0.17160654
0.37256953
-0.61552227
0.44826657
0.38768834
-0.9612697
-0.10402591
-0.58075714
0.64841104
0.32763302
0.18172595
0.41975817
0.35042197
0.32589686
-0.8771923
-0.27240065
-0.16533208
0.6691218
-0.5708266
-0.67709726
-0.5128848
0.76062864
0.99379313
0.89975524
0.18738587
-0.59362894
-0.93331933
-0.16975808
0.67521155
-0.71252483
-0.8207129
-0.7972364
0.09750655
0.82141864
0.10017304
-0.8688741
0.35376516
-0.98974735
-0.15484983
0.2581155
0.49133915
-0.796725
-0.8119047
-0.184122
-0.50532526
-0.24324724
-0.7095743
0.8698448
0.84403163
0.3323353
0.03206507
0.021272192
0.55663526
0.8166746
0.64246386
0.06291445
-0.10386331
0.9472565
-0.53064233
-0.05201799
0.6695696
-0.90196985
0.83045626
-0.14741854
0.614035
-0.6566705
0.72653234
-0.0072231037
-0.463879
0.16462292
-0.17461151
0.631718
0.90216005
0.08011751
-0.04583889
0.09395812
-0.1870767
-0.8353848
-0.56511813
-0.15639949
0.8496357
0.7926002
-0.79416126
0.09235335
0.56213605
-0.31090796
-0.28180125
-0.9433053
-0.47160757
0.84532595
-0.66812944
-0.42552564
-0.7121578
0.66660684
-0.44648132
-0.877637
0.8645978
0.5645608
-0.7350476
-0.63956946
-0.9019214
0.28852636
-0.6811147
-0.1017164
0.30969337
-0.4350553
0.23267831
0.71220547
-0.6236926
-0.9903842
0.7025093
-0.780391
0.6790802
-0.63386774
0.8344984
0.9345548
0.005979969
-0.66533643
-0.21708651
0.39287668
-0.023598313
0.92381394
-0.22734933
-0.55310744
0.52743137
-0.98409456
0.64369446
0.6135573
0.8344939
0.6025237
-0.896327
0.518701
-0.60062605
0.3629324
-0.31809703
0.8251258
0.4336289
-0.41661906
-0.90355206
-0.9013449
0.8426209
-0.78245455
0.49516314
-0.81097436
-0.082009606
0.35914096
0.652814
0.49853995
0.4451293
-0.8672699
-0.96991986
0.74903107
-0.40488732
0.94501245
0.6723271
0.26220533
0.80047965
0.4219266
-0.29224214
-0.1277578
0.13055854
-0.65565395
0.7033044
-0.0004903321
0.123689465
0.73902154
-0.42010394
0.46222228
-0.33183298
-0.17208506
-0.5315925
-0.15916964
-0.79150313
-0.26414442
0.9348096
-0.6765029
-0.38029358
0.71287465
0.10850932
-0.39257902
-0.068071544
-0.44854012
-0.2783666
0.18503569
0.6543261
-0.5858064
0.21139245
-0.86867124
-0.08667717
0.7669214
0.5742689
-0.8351654
-0.22372061
0.8134762
0.823718
-0.49403334
-0.73988014
0.9236456
-0.6102033
0.58874154
0.45147553
0.23787951
-0.7666312
-0.46087968
-0.46717367
0.496994
-0.96477574
0.92907757
0.37971842
0.34615138
-0.12745972
0.24005163
-0.22709739
-0.864014
0.7057237
0.20777608
-0.91919875
-0.8957534
0.083019085
0.8808513
-0.047661625
0.24692152
-0.75852585
-0.08819536
0.03817244
0.053665176
-0.3963989
0.42959422
0.48980147
0.764058
-0.21268906
0.54719937
-0.9059131
0.16652347
-0.55685276
-0.78480726
0.62308395
0.5761892
-0.22635552
-0.8107709
0.1409469
-0.97851044
0.9508027
-0.60473293
-0.2404309
0.015556148
0.7577395
-0.5235127
-0.51198995
-0.84864354
0.7260836
0.8918095
0.76899874
-0.47211078
-0.058322955
-0.03373395
0.6363046
-0.80592334
-0.33725002
0.21086045
-0.009629999
0.4591619
0.3355918
0.14278504
-0.6959178
0.7229265
-0.17725565
0.50187266
-0.5530832
-0.34198818
0.51320714
-0.6072646
0.8142881
0.52700746
0.8489165
0.48759574
-0.7399929
0.41002917
0.8168211
-0.68190706
-0.39570442
0.37741396
-0.55505574
0.43674853
0.67216766
0.81959015
0.9567418
0.50426745
0.20203777
-0.35448465
-0.5763793
0.9865014
0.8606918
-0.4178413
-0.3956897
-0.5829446
0.23788004
0.1685363
-0.6773375
-0.7439161
-0.48803073
0.44018877
0.09776041
-0.77789164
-0.59177995
0.9482634
0.9678102
0.2708227
0.16732317
-0.6566392
0.008287551
0.5259782
0.13757819
-0.5873431
0.20619799
0.36551318
-0.46462148
0.8919265
0.6721612
-0.39863992
-0.40440255
-0.7011247
-0.3554369
0.80138725
-0.22265086
0.3981068
-0.22665364
-0.5410974
0.46804303
-0.60816294
-0.23540759
-0.4282419
0.22677764
0.08612614
0.7898443
-0.07708712
-0.75434196
-0.11625581
-0.4841423
-0.11105232
0.2014179
-0.5828063
0.7405878
0.8703986
-0.04004373
0.048131682
0.587152
-0.69293195
-0.55851144
-0.87852174
0.9824654
-0.7315675
-0.57179093
0.114911266
-0.24937193
0.017886331
-0.84745806
0.05098903
0.17784153
0.61873776
-0.17590417
-0.08065149
0.45066547
-0.92309546
-0.2545351
-0.15128638
0.9732755
-0.2070533
0.81440693
0.6841709
-0.056276765
-0.001582665
-0.110666536
-0.09584619
-0.13023908
-0.9515455
0.2498965
-0.23524466
-0.9380169
-0.54255474
-0.4616596
0.78700036
-0.7244593
0.15943658
-0.3024019
-0.6240576
0.54023284
0.1874773
0.014261753
0.14830466
0.18614762
0.25482672
-0.79045564
-0.43796828
0.28155756
0.91356856
-0.7274165
-0.6879944
-0.84684646
0.2745847
-0.5608577
0.37683618
-0.41718388
-0.77615535
-0.04662873
0.97064465
0.32995713
-0.35589662
-0.90636206
0.8908997
-0.10133989
0.29659584
0.20158474
-0.5940239
-0.95197344
0.6150817
-0.38628295
-0.8931239
0.03474398
-0.5656278
-0.39345822
-0.7758369
-0.45672804
0.051717963
0.36732772
-0.46444446
-0.74094236
-0.22677927
0.06372089
0.21988912
-0.7867112
-0.636492
0.86612827
0.73787993
-0.6966484
0.35725105
-0.77226
0.18926787
-0.7904722
-0.9352027
0.3146759
-0.6649964
0.6722801
0.6556179
0.181539
0.4908268
0.8650165
-0.509112
0.5896202
-0.7453467
-0.9702719
0.9780194
0.24256788
0.50884014
0.12786746
-0.7198729
0.51729554
-0.12794217
0.89059186
0.32488033
0.5819126
-0.37743694
0.9803809
0.96196437
-0.7965717
0.72816247
0.5861726
-0.24289283
-0.6087986
-0.64721763
0.34810466
0.47310698
-0.30509597
-0.85757226
-0.87553114
0.94105214
0.75294125
-0.3242637
0.532338
-0.69518554
-0.06041418
-0.73512244
0.5677384
-0.16866039
0.70243007
0.8994688
-0.13784362
0.6738665
0.60020804
-0.6871586
-0.95301193
0.9538838
0.86546767
0.15223143
-0.5233606
-0.024781102
-0.5849543
-0.97234935
0.5118004
0.65798855
-0.5580208
-0.6074737
0.5550863
0.93877745
0.38818258
-0.2792262
0.0006407768
-0.4983415
-0.17953545
0.99514437
0.756293
-0.45709056
0.113832995
0.02054081
0.5736265
0.50049824
0.07234041
0.50570226
-0.10590305
-0.08793527
-0.33113033
-0.5704138
0.37688643
0.8658342
-0.9706299
0.26610687
0.11397571
-0.116444126
-0.22520822
-0.39181843
0.8014588
-0.41935962
-0.1702687
-0.89262867
0.4933923
-0.31885016
-0.8555747
0.6092826
0.45248067
0.17315467
-0.56102747
0.53306746
0.61858463
0.7971653
0.15587771
-0.4363131
-0.30844277
0.89401
0.9754202
0.8898284
0.39217156
0.3682626
0.1064811
-0.8381649
0.654478
-0.34832767
-0.9021114
0.70681643
0.6393971
-0.52513087
-0.57767373
0.70542365
-0.71701473
-0.15651053
-0.89409477
-0.90996796
0.29137945
-0.78483164
0.21019976
-0.25144535
-0.26996467
-0.2845534
0.26459238
0.59262824
-0.5197329
-0.8140945
0.62066543
0.5040792
-0.09879414
0.3166363
0.6568851
-0.17963625
-0.9844269
0.054377116
0.5943879
0.039294474
0.04652643
0.13099699
0.51358676
0.34914833
0.5674238
0.2918279
-0.33224565
-0.37381047
-0.43560976
-0.3001683
-0.10281012
0.8229851
0.91584635
-0.8024141
-0.7683233
0.31136188
-0.3402041
-0.5953626
-0.05338969
0.09765761
0.7032956
0.8631513
-0.11037108
-0.9432783
0.4790374
-0.89925176
-0.15926315
0.0908132
-0.95752007
0.24605745
-0.94988513
-0.17755406
0.84522545
-0.64681333
0.6408484
-0.95674574
0.9505187
-0.6444043
-0.73623496
-0.0870674
0.72070193
-0.44758976
0.3062921
0.55680215
-0.2508683
-0.79911494
0.8034605
0.65843153
-0.7468266
-0.12991506
0.6872621
0.8680256
0.8098631
-0.2793989
0.7840986
0.02721079
0.56584024
-0.83369344
-0.56439006
0.1839194
-0.9072234
-0.5059929
-0.23698777
0.37151718
-0.024085958
-0.5928035
-0.37345138
0.41370717
0.29472196
-0.8000921
-0.4934583
-0.5765113
-0.21167806
0.82216054
-0.51990616
-0.73101336
-0.94400364
-0.73026055
-0.065082684
-0.78702796
-0.60737616
0.423988
0.50207204
-0.99325466
0.83514917
-0.3846985
-0.1790943
0.42551434
-0.031782016
0.27919582
-0.7835923
-0.6280943
-0.23872703
-0.33431357
-0.92302513
0.5457763
-0.9271418
-0.25399524
-0.83142406
0.72657776
-0.89589775
0.28165567
0.6764402
-0.10664958
0.15214448
0.9081698
0.22986247
0.36262235
-0.25275
0.8181042
-0.47573733
-0.4443869
0.04266628
-0.29315045
0.46608245
-0.17676215
-0.99380356
0.13563381
0.81184316
0.994882
-0.7239361
-0.24399403
-0.77652186
0.88554835
-0.072291136
0.98239625
0.2597618
-0.89690477
0.5668903
-0.41622272
0.6075505
-0.2592306
0.93359566
-0.16833165
0.6797838
-0.028104512
-0.84378296
-0.84328943
0.47817203
0.4685454
-0.19681557
-0.8608583
-0.405092
0.4308114
-0.8309458
-0.32845625
-0.3597152
-0.82140714
-0.08831356
0.175511
-0.6697048
0.42738885
0.35915807
0.023245968
-0.26308748
-0.04939658
-0.7114542
-0.2676814
0.2723679
-0.12163468
-0.18950129
-0.06779248
-0.24552703
0.2095147
-0.96629256
0.2548961
0.27173078
-0.19808783
-0.81033105
0.2573225
0.0010350635
-0.22885166
0.008055594
-0.17787482
-0.794949
0.25202486
-0.9089373
-0.65927136
0.88601744
-0.10745496
0.55996555
-0.62016606
-0.56334424
0.6981084
0.054814056
-0.86865157
0.12649715
-0.43259868
-0.73709196
-0.188099
0.39922315
0.2515372
0.817376
0.82259595
-0.9742406
0.56853837
0.8139792
0.99317396
0.112053104
-0.4917
0.51928914
-0.74746
0.11325245
0.5398036
-0.3794282
-0.29104015
-0.19341542
-0.50326705
0.16008566
0.22477402
-0.50339174
-0.6888562
0.071312815
-0.25854635
-0.8045114
0.014409351
-0.33383462
0.98955125
-0.9743686
-0.3835896
-0.12680583
-0.2972615
-0.9058589
0.60452867
0.90155834
-0.6700904
-0.06683027
-0.16749671
0.46690843
0.09686948
0.76438457
-0.68027866
-0.2968973
-0.93290895
-0.5789656
0.18354048
-0.32410195
-0.94089097
0.3961283
0.051518846
-0.8188669
-0.44058502
-0.10664641
0.88526016
-0.62601846
0.8629355
-0.26794484
0.6690074
-0.7499403
0.76351774
0.13724802
0.9525533
0.62738454
-0.47259298
-0.7479627
-0.5075897
0.558093
-0.35512617
-0.8453037
-0.25394264
-0.9761151
-0.86718136
-0.44398633
-0.253995
0.7595588
0.880208
-0.13025965
0.32119262
-0.60622364
-0.27036917
0.22959836
-0.013562422
0.5756115
0.5805963
-0.74364424
0.9288569
0.31892776
-0.20311262
-0.36007714
-0.15184638
0.17520252
0.6234983
0.9948985
-0.5846528
-0.74854195
-0.15841427
-0.027265092
-0.2112176
-0.75837666
0.779776
-0.5806818
-0.039236452
0.030724049
-0.67577213
-0.10634264
-0.58238035
-0.7112979
-0.5935114
0.045843754
0.29674917
-0.4073978
0.87519485
0.16150752
0.86940455
-0.533369
0.7254434
-0.1866522
-0.32131338
0.46451086
0.9057042
-0.83275396
-0.74979085
-0.943624
-0.8384733
0.05219388
0.5729387
-0.7596141
-0.90784305
0.745806
0.29295245
-0.66765237
-0.27265638
-0.26392686
-0.9323449
0.665933
-0.11399928
-0.25070328
0.679433
-0.67486703
-0.7893007
0.053361595
0.40764976
-0.71491283
-0.7631473
-0.83055556
0.28077936
-0.70778906
0.37375855
0.881942
-0.0354648
-0.36079207
-0.6708058
0.8490865
-0.88510203
-0.44069886
-0.8224448
0.12938838
0.001505264
-0.63791287
0.14676873
-0.9608695
0.63177216
-0.69721454
0.60804725
-0.33554244
-0.5130134
-0.5792344
-0.3677377
-0.21038917
0.22830996
0.33810538
-0.885588
-0.9672481
-0.82974607
0.79695517
0.0922858
-0.6846496
0.28885588
0.5350235
0.67220163
0.1162274
0.21052781
0.1277399
-0.279986
-0.98914784
0.28271028
0.15466972
-0.7464841
-0.5497477
0.21718752
-0.31085795
-0.08566148
-0.12402499
-0.5101447
0.61865616
0.63889694
-0.56746787
-0.381527
0.38997585
-0.039456356
-0.9227768
0.2115559
0.93536717
0.9555671
0.46396565
-0.09275997
0.2752661
0.45268524
-0.46383244
0.14298078
0.07998047
-0.06919798
0.8472568
-0.21850422
0.318598
0.56322503
0.63436264
-0.4296787
-0.20853926
0.6187097
0.6377121
0.9563429
0.6072358
-0.5325811
0.7573624
0.31218815
-0.5765859
-0.90549994
0.3075168
-0.8009123
-0.5071369
0.40922505
-0.9406412
0.6177987
-0.66511995
-0.22220747
-0.34768304
-0.44894898
-0.7586051
-0.044933397
-0.35042894
0.70059013
0.94671637
0.31106424
0.17799655
0.34192324
-1.062503
0.02317892
-0.9305017
0.9183097
-0.9096466
0.50862145
0.51177627
-0.57794034
-0.07403804
0.006011285
1.0412221
-0.89015734
-0.73523486
-0.7449259
-0.101382196
0.47177508
0.59212667
-0.45897606
-0.5885346
0.30482116
0.53978854
-0.5119072
-0.17996272
0.8144382
0.1795045
-0.73490775
0.74073315
0.68914783
0.10183075
-0.29177693
0.23838435
-0.33441505
0.3363251
-0.8120474
0.9535692
0.00779745
0.6132406
0.4922431
-0.5693649
-0.31345433
0.2840656
0.42123973
-0.79646516
-0.3171395
0.07138224
-0.58231103
0.4540601
0.35679197
0.7945744
-0.5196645
-0.59837365
0.50599325
0.7047682
-0.8274472
0.16071203
0.82384884
0.57391655
-0.0017341375
0.38119352
0.27185932
-0.13008568
0.37243104
-0.23160177
1.000625
0.11286476
0.8436994
0.24323705
-0.04649476
0.8051242
-1.0591898
-0.3552048
-0.7444119
-0.5818758
0.25433898
0.89786446
-0.23916417
0.4908708
-0.4606265
-0.97364146
-0.5155177
0.7829857
-1.0015811
-0.7019145
0.88390434
-0.009979144
-0.52347946
0.09345111
-0.10328242
0.053473458
0.21191928
-0.85789645
-0.39322147
0.14458235
0.73702323
0.32281637
-0.52719116
0.8674269
0.7719129
-0.7581055
-0.110867746
0.80337715
0.2309655
-0.2140423
-0.43732736
-0.044849545
1.0628606
0.7401725
0.30658013
-0.85651904
0.92402804
0.38066593
-0.8030683
0.18262401
0.656985
0.27416375
0.83851075
-0.71285987
